# hamerschlag_color_image1000.jpg
1 166.95616 60.12744 63.5008 103.94928
# hamerschlag_color_image1100.jpg
1 209.0528 52.99343999999999 64.21376000000001 114.14016000000001
# hamerschlag_color_image1150.jpg
1 219.04096 75.41400000000002 69.92192 117.19727999999999
# hamerschlag_color_image1200.jpg
1 69.20831999999999 24.458640000000003 112.01791999999999 386.24208
# hamerschlag_color_image1300.jpg
1 217.61408 84.58608 84.19200000000001 139.6176
1 2.1404799999999966 2.038319999999999 142.6976 475.92336
# hamerschlag_color_image1350.jpg
1 229.03040000000001 52.99344000000002 94.89407999999999 149.80895999999998
# hamerschlag_color_image1400.jpg
1 253.28896 20.38199999999999 105.59616 177.32496
# hamerschlag_color_image1450.jpg
1 287.53632 32.61168000000002 109.87712 194.6496
# hamerschlag_color_image1500.jpg
1 292.53024 6.114479999999986 121.29344 222.1656
# hamerschlag_color_image1550.jpg
1 281.1152000000001 2.038319999999999 139.13024000000001 227.26128
# hamerschlag_color_image1600.jpg
1 211.19296000000003 3.057120000000026 160.53504 251.71967999999998
# hamerschlag_color_image1650.jpg
1 450.92575999999997 3.057119999999969 80.624 442.29312000000004
1 132.7088 1.0190399999999897 209.76576 353.6304
# hamerschlag_color_image1700.jpg
1 141.27072 2.038319999999999 269.69919999999996 457.57968
# hamerschlag_color_image1750.jpg
# hamerschlag_color_image1900.jpg
1 545.10592 2.038319999999999 92.75392 355.66895999999997
# hamerschlag_color_image1950.jpg
1 150.54624 5.095680000000016 290.3904 467.77056
# hamerschlag_color_image2000.jpg
1 89.18592000000001 1.0192799999999806 315.36256000000003 473.88528
# hamerschlag_color_image2050.jpg
1 416.6777599999999 1.0190399999999897 221.18144 474.90432000000004
# hamerschlag_color_image2350.jpg
1 447.35776 46.8792 88.47296 251.71967999999998
# hamerschlag_color_image2400.jpg
1 133.42272 71.33760000000001 97.03424 310.82784
1 315.36224 104.96808 37.101440000000004 170.1912
# hamerschlag_color_image2450.jpg
1 362.45248000000004 22.420320000000004 77.77024 353.6304
# hamerschlag_color_image2500.jpg
1 448.78496 3.0575999999999794 64.92736 353.6304
1 85.61856 82.54799999999999 51.371520000000004 194.6496
# hamerschlag_color_image2550.jpg
1 460.20064 1.0190399999999897 83.4784 401.52864
1 62.78688 90.7008 64.92736 206.87904
# hamerschlag_color_image2600.jpg
1 527.9820800000001 3.0571199999999976 110.59072 472.86624
1 5.707839999999997 87.64343999999998 74.91647999999999 248.66256
# hamerschlag_color_image2650.jpg
1 1.4271999999999991 79.4904 54.93888 294.52224
# hamerschlag_color_image2700.jpg
9 413.824 4.076400000000007 72.77568 329.172
# hamerschlag_color_image2750.jpg
9 97.03455999999998 91.71984 47.09056 94.77695999999999
# hamerschlag_color_image3000.jpg
1 419.53152 2.038320000000027 99.88864 462.67535999999996
# hamerschlag_color_image3050.jpg
1 89.18656 105.98712 48.51712 148.78992
# hamerschlag_color_image3100.jpg
1 147.69248000000002 98.8536 54.22528 158.9808
# hamerschlag_color_image3150.jpg
1 154.11360000000002 118.21656 59.219840000000005 184.45872
# hamerschlag_color_image3200.jpg
1 71.34880000000001 128.40768000000003 59.9328 199.74528
# hamerschlag_color_image3250.jpg
1 290.3904 81.52872 67.06816 191.59248
# hamerschlag_color_image3300.jpg
1 171.95072 103.94904 65.64096 195.66863999999998
# hamerschlag_color_image3350.jpg
1 112.01760000000002 74.39495999999998 73.48928 229.29936
# hamerschlag_color_image3400.jpg
1 3.567360000000008 66.24192 91.32672 261.91104
1 109.16383999999998 81.52848000000002 55.652480000000004 187.51584
# hamerschlag_color_image3450.jpg
1 0.7132799999999975 66.24192 67.78176 340.3824
1 94.18048 85.60512 67.06816 223.18464
# hamerschlag_color_image3500.jpg
1 95.60767999999999 65.22264000000001 87.75936 277.19759999999997
# hamerschlag_color_image3550.jpg
1 93.46688 2.0380799999999795 210.47935999999999 463.69440000000003
1 383.85728 2.038319999999999 96.32128 307.77072
# hamerschlag_color_image3600.jpg
1 62.78720000000001 4.076400000000007 260.42368 469.80912
1 402.40832 3.0573599999999885 98.46144000000001 350.57328
# hamerschlag_color_image3650.jpg
# scaife_color_image1000.jpg
1 336.76672 39.74520000000001 44.949760000000005 362.80272
# scaife_color_image1100.jpg
# hamerschlag_color_image1000.jpg
81 166.95616 60.12744 63.5008 103.94928
81 166.95616 60.12744 63.5008 103.94928
# hamerschlag_color_image1100.jpg
81 209.0528 52.99343999999999 64.21376000000001 114.14016000000001
81 209.0528 52.99343999999999 64.21376000000001 114.14016000000001
# hamerschlag_color_image1150.jpg
81 219.04096 75.41400000000002 69.92192 117.19727999999999
81 219.04096 75.41400000000002 69.92192 117.19727999999999
# hamerschlag_color_image1200.jpg
81 69.20831999999999 24.458640000000003 112.01791999999999 386.24208
81 69.20831999999999 24.458640000000003 112.01791999999999 386.24208
# hamerschlag_color_image1300.jpg
81 217.61408 84.58608 84.19200000000001 139.6176
81 2.1404799999999966 2.038319999999999 142.6976 475.92336
81 2.1404799999999966 2.038319999999999 142.6976 475.92336
# hamerschlag_color_image1350.jpg
81 229.03040000000001 52.99344000000002 94.89407999999999 149.80895999999998
81 229.03040000000001 52.99344000000002 94.89407999999999 149.80895999999998
# hamerschlag_color_image1400.jpg
81 253.28896 20.38199999999999 105.59616 177.32496
81 253.28896 20.38199999999999 105.59616 177.32496
# hamerschlag_color_image1450.jpg
81 287.53632 32.61168000000002 109.87712 194.6496
81 287.53632 32.61168000000002 109.87712 194.6496
# hamerschlag_color_image1500.jpg
81 292.53024 6.114479999999986 121.29344 222.1656
81 292.53024 6.114479999999986 121.29344 222.1656
# hamerschlag_color_image1550.jpg
81 281.1152000000001 2.038319999999999 139.13024000000001 227.26128
81 281.1152000000001 2.038319999999999 139.13024000000001 227.26128
# hamerschlag_color_image1600.jpg
81 211.19296000000003 3.057120000000026 160.53504 251.71967999999998
81 211.19296000000003 3.057120000000026 160.53504 251.71967999999998
# hamerschlag_color_image1650.jpg
81 450.92575999999997 3.057119999999969 80.624 442.29312000000004
81 132.7088 1.0190399999999897 209.76576 353.6304
81 132.7088 1.0190399999999897 209.76576 353.6304
# hamerschlag_color_image1700.jpg
81 141.27072 2.038319999999999 269.69919999999996 457.57968
81 141.27072 2.038319999999999 269.69919999999996 457.57968
# hamerschlag_color_image1750.jpg
81 141.27072 2.038319999999999 269.69919999999996 457.57968
# hamerschlag_color_image1900.jpg
81 545.10592 2.038127999999972 92.75392 355.669344
# hamerschlag_color_image1950.jpg
81 150.54624 5.095680000000016 290.3904 467.77056
81 150.54624 5.095680000000016 290.3904 467.77056
# hamerschlag_color_image2000.jpg
81 89.18592000000001 1.0192799999999806 315.36256000000003 473.88528
81 89.18592000000001 1.0192799999999806 315.36256000000003 473.88528
# hamerschlag_color_image2050.jpg
81 416.6777599999999 1.0188480000000197 221.18144 474.904704
# hamerschlag_color_image2350.jpg
81 447.35776 46.8792 88.47296 251.71967999999998
81 447.35776 46.8792 88.47296 251.71967999999998
# hamerschlag_color_image2400.jpg
81 133.42272 71.33760000000001 97.03424 310.82784
81 315.36224 104.96808 37.101440000000004 170.1912
81 315.36224 104.96808 37.101440000000004 170.1912
# hamerschlag_color_image2450.jpg
81 362.45248000000004 22.420320000000004 77.77024 353.6304
81 362.45248000000004 22.420320000000004 77.77024 353.6304
# hamerschlag_color_image2500.jpg
81 448.78496 3.0575999999999794 64.92736 353.6304
81 85.61856 82.54799999999999 51.371520000000004 194.6496
81 85.61856 82.54799999999999 51.371520000000004 194.6496
# hamerschlag_color_image2550.jpg
81 460.20064 1.0190399999999897 83.4784 401.52864
81 62.78688 90.7008 64.92736 206.87904
81 62.78688 90.7008 64.92736 206.87904
# hamerschlag_color_image2600.jpg
81 527.9820800000001 3.0571199999999976 110.59072 472.86624
81 5.707839999999997 87.64343999999998 74.91647999999999 248.66256
81 5.707839999999997 87.64343999999998 74.91647999999999 248.66256
# hamerschlag_color_image2650.jpg
81 1.4271999999999991 79.4904 54.93888 294.52224
81 1.4271999999999991 79.4904 54.93888 294.52224
# hamerschlag_color_image2700.jpg
14 413.824 4.076400000000007 72.77568 329.172
81 413.824 4.076400000000007 72.77568 329.172
# hamerschlag_color_image2750.jpg
14 97.03455999999998 91.71984 47.09056 94.77695999999999
81 97.03455999999998 91.71984 47.09056 94.77695999999999
# hamerschlag_color_image3000.jpg
81 419.53152 2.038320000000027 99.88864 462.67535999999996
81 419.53152 2.038320000000027 99.88864 462.67535999999996
# hamerschlag_color_image3050.jpg
81 89.18656 105.98712 48.51712 148.78992
81 89.18656 105.98712 48.51712 148.78992
# hamerschlag_color_image3100.jpg
81 147.69248000000002 98.8536 54.22528 158.9808
81 147.69248000000002 98.8536 54.22528 158.9808
# hamerschlag_color_image3150.jpg
81 154.11360000000002 118.21656 59.219840000000005 184.45872
81 154.11360000000002 118.21656 59.219840000000005 184.45872
# hamerschlag_color_image3200.jpg
81 71.34880000000001 128.40768000000003 59.9328 199.74528
81 71.34880000000001 128.40768000000003 59.9328 199.74528
# hamerschlag_color_image3250.jpg
81 290.3904 81.52872 67.06816 191.59248
81 290.3904 81.52872 67.06816 191.59248
# hamerschlag_color_image3300.jpg
81 171.95072 103.94904 65.64096 195.66863999999998
81 171.95072 103.94904 65.64096 195.66863999999998
# hamerschlag_color_image3350.jpg
81 112.01760000000002 74.39495999999998 73.48928 229.29936
81 112.01760000000002 74.39495999999998 73.48928 229.29936
# hamerschlag_color_image3400.jpg
81 3.567360000000008 66.24192 91.32672 261.91104
81 109.16383999999998 81.52848000000002 55.652480000000004 187.51584
81 109.16383999999998 81.52848000000002 55.652480000000004 187.51584
# hamerschlag_color_image3450.jpg
81 0.7132799999999975 66.24192 67.78176 340.3824
81 94.18048 85.60512 67.06816 223.18464
81 94.18048 85.60512 67.06816 223.18464
# hamerschlag_color_image3500.jpg
81 95.60767999999999 65.22264000000001 87.75936 277.19759999999997
81 95.60767999999999 65.22264000000001 87.75936 277.19759999999997
# hamerschlag_color_image3550.jpg
81 93.46688 2.0380799999999795 210.47935999999999 463.69440000000003
81 383.85728 2.038319999999999 96.32128 307.77072
81 383.85728 2.038319999999999 96.32128 307.77072
# hamerschlag_color_image3600.jpg
81 62.78720000000001 4.076400000000007 260.42368 469.80912
81 402.40832 3.0573599999999885 98.46144000000001 350.57328
81 402.40832 3.0573599999999885 98.46144000000001 350.57328
# hamerschlag_color_image3650.jpg
81 402.40832 3.0573599999999885 98.46144000000001 350.57328
# scaife_color_image1000.jpg
81 336.76672 39.74520000000001 44.949760000000005 362.80272
81 336.76672 39.74520000000001 44.949760000000005 362.80272
# scaife_color_image1500.jpg
14 254.71552000000003 138.5988 20.6912 181.40112
81 254.71552000000003 138.5988 20.6912 181.40112
# scaife_color_image1600.jpg
14 187.64736 95.796 34.247679999999995 237.45216000000002
81 187.64736 95.796 34.247679999999995 237.45216000000002
# scaife_color_image1700.jpg
14 77.77024000000002 59.10840000000002 58.50624 369.93647999999996
81 77.77024000000002 59.10840000000002 58.50624 369.93647999999996
# scaife_color_image1800.jpg
14 258.99647999999996 6.114479999999986 127.71456 469.80912
81 2.1404799999999966 10.190879999999964 151.25952 465.73248
81 2.1404799999999966 10.190879999999964 151.25952 465.73248
# scaife_color_image1900.jpg
81 517.99328 52.99367999999998 39.2416 407.64336000000003
81 360.312 184.45848 23.544960000000003 70.31855999999999
81 360.312 184.45848 23.544960000000003 70.31855999999999
# scaife_color_image2000.jpg
81 408.11584 123.31200000000001 27.825920000000004 328.15296
81 298.23872000000006 210.95543999999998 25.685760000000002 81.52848
81 119.15232 74.39496 34.96128 390.31824
81 119.15232 74.39496 34.96128 390.31824
# scaife_color_image2100.jpg
81 452.35232 12.229199999999992 47.09056 464.71344
81 301.0928 182.42040000000003 27.112319999999997 86.62415999999999
81 301.0928 182.42040000000003 27.112319999999997 86.62415999999999
# scaife_color_image2200.jpg
81 381.0032 261.91104 64.92736 210.9552
81 381.0032 261.91104 64.92736 210.9552
# scaife_color_image2300.jpg
81 296.09792000000004 286.36944 49.94432 189.55391999999998
81 296.09792000000004 286.36944 49.94432 189.55391999999998
# scaife_color_image2400.jpg
81 532.2627200000001 2.038319999999999 104.1696 476.94288
81 288.96288 167.13384 38.528639999999996 88.66224
81 383.85728000000006 79.4904 31.393279999999997 296.56032
81 383.85728000000006 79.4904 31.393279999999997 296.56032
# scaife_color_image2500.jpg
81 277.5472 3.0575999999999794 361.02592000000004 474.90432000000004
81 277.5472 3.0575999999999794 361.02592000000004 474.90432000000004
# scaife_color_image2600.jpg
81 403.83488 -0.00024000000001933586 42.8096 469.80912
81 280.40160000000003 136.56024 35.67424 103.94928
81 280.40160000000003 136.56024 35.67424 103.94928
# scaife_color_image2700.jpg
81 463.768 1.019280000000009 173.37792000000002 475.92336
81 228.31679999999997 115.15896 44.949760000000005 118.2168
81 228.31679999999997 115.15896 44.949760000000005 118.2168
# scaife_color_image2800.jpg
81 328.9184 1.0190399999999897 30.680320000000002 365.85984
81 214.04672 94.77720000000001 49.94432 129.42672000000002
81 214.04672 94.77720000000001 49.94432 129.42672000000002
# scaife_color_image2900.jpg
81 454.49248 2.038319999999999 112.73151999999999 452.48400000000004
81 336.05312 150.828 67.06816 130.44576
81 336.05312 150.828 67.06816 130.44576
# scaife_color_image3000.jpg
81 366.73376 171.21024 71.34912 146.75136
81 448.07168 100.89168000000004 48.51712 313.88543999999996
81 448.07168 100.89168000000004 48.51712 313.88543999999996
# scaife_color_image3100.jpg
81 449.49823999999995 102.92975999999993 51.371520000000004 349.55424000000005
81 326.77855999999997 172.22928 80.624 158.9808
81 326.77855999999997 172.22928 80.624 158.9808
# scaife_color_image3200.jpg
81 450.21184 3.057360000000017 82.7648 471.8472
81 304.65984 136.56024000000002 91.32672 177.32496
81 304.65984 136.56024000000002 91.32672 177.32496
# scaife_color_image3300.jpg
81 498.72928 2.038319999999999 136.99007999999998 469.80912
81 280.40128 139.61808000000002 99.88864 216.05088
81 280.40128 139.61808000000002 99.88864 216.05088
# scaife_color_image3400.jpg
81 348.896 139.61784000000003 125.5744 267.00624
81 348.896 139.61784000000003 125.5744 267.00624
# scaife_color_image3500.jpg
81 326.77824 90.70079999999996 172.66431999999998 356.688
81 326.77824 90.70079999999996 172.66431999999998 356.688
# scaife_color_image3600.jpg
81 326.77824 90.70079999999996 172.66431999999998 356.688
# scaife_color_image3700.jpg
81 471.61664 51.974399999999974 32.82048 333.24864
81 418.10495999999995 123.31199999999998 10.70208 178.344
81 418.10495999999995 123.31199999999998 10.70208 178.344
# scaife_color_image3800.jpg
81 410.96959999999996 46.8792 42.8096 389.2992
81 349.60992 131.46504000000002 14.27008 200.76432
81 349.60992 131.46504000000002 14.27008 200.76432
# scaife_color_image3900.jpg
81 344.61535999999995 3.0573599999999885 140.55744 473.88528
81 192.64224 89.68128000000002 33.53408 285.3504
81 192.64224 89.68128000000002 33.53408 285.3504
# scaife_color_image4000.jpg
81 239.01919999999996 2.038319999999999 199.06368 468.7896
81 26.399360000000005 31.592399999999998 41.3824 350.57328
81 26.399360000000005 31.592399999999998 41.3824 350.57328
# scaife_color_image4100.jpg
81 343.90176 2.038319999999999 47.09056 329.172
81 343.90176 2.038319999999999 47.09056 329.172
# scaife_color_image4200.jpg
81 474.4704 3.057360000000017 92.75392 468.7896
81 474.4704 3.057360000000017 92.75392 468.7896
# scaife_color_image4300.jpg
81 468.76224 1.0190399999999897 53.511680000000005 413.75808
81 468.76224 1.0190399999999897 53.511680000000005 413.75808
# scaife_color_image4400.jpg
81 494.44831999999997 4.076400000000007 142.6976 462.67535999999996
81 494.44831999999997 4.076400000000007 142.6976 462.67535999999996
# scaife_color_image4500.jpg
81 342.47488 74.39519999999999 62.073600000000006 367.89792
81 342.47488 74.39519999999999 62.073600000000006 367.89792
# scaife_color_image4600.jpg
81 429.52064 5.095439999999996 39.9552 440.25456
81 429.52064 5.095439999999996 39.9552 440.25456
# scaife_color_image4700.jpg
81 429.52064 5.095439999999996 39.9552 440.25456
# scaife_color_image4800.jpg
81 429.52064 5.095439999999996 39.9552 440.25456
# scaife_color_image4900.jpg
81 429.52064 5.095439999999996 39.9552 440.25456
# scaife_color_image5000.jpg
81 109.87776 45.85992000000002 93.46688 257.8344
81 109.87776 45.85992000000002 93.46688 257.8344
# scaife_color_image5100.jpg
81 109.87776 45.85992000000002 93.46688 257.8344
# scaife_color_image5200.jpg
81 109.87776 45.85992000000002 93.46688 257.8344
# scaife_color_image5300.jpg
81 52.0848 263.94936 80.624 117.19727999999999
81 139.13023999999996 250.7004 67.06816 96.81551999999999
81 139.13023999999996 250.7004 67.06816 96.81551999999999
# scaife_color_image800.jpg
81 139.13023999999996 250.7004 67.06816 96.81551999999999
# scaife_color_image900.jpg
81 505.15072 24.458639999999974 132.70911999999998 454.52208
81 505.15072 24.458639999999974 132.70911999999998 454.52208
# techspark_color_image1000.jpg
57 488.02656 72.35664 150.54656 210.9552
82 210.47968 45.85992 59.9328 89.68176
82 105.59647999999999 168.15312 101.3152 132.48384
82 2.1407999999999987 229.29960000000005 146.97856 243.56687999999997
57 4.281279999999995 140.63688 168.38336 155.92368
57 327.49152000000004 45.859680000000004 88.47296 71.3376
57 327.49152000000004 45.859680000000004 88.47296 71.3376
# techspark_color_image1100.jpg
82 4.280960000000007 226.24200000000002 165.5296 250.70064
82 201.91712 138.5988 83.4784 110.06352
81 481.60543999999993 1.0190399999999897 157.68128000000002 203.82144
81 0.0 1.0192799999999949 115.58528000000001 252.73872
81 0.0 1.0192799999999949 115.58528000000001 252.73872
# techspark_color_image1200.jpg
81 2.1401600000000016 3.0573599999999885 112.01791999999999 314.90448000000004
82 238.30559999999997 126.3696 101.3152 142.6752
57 119.86624000000003 125.35008000000002 322.49728 121.27391999999999
57 119.86624000000003 125.35008000000002 322.49728 121.27391999999999
# techspark_color_image1300.jpg
81 392.4192 1.0190400000000182 246.86720000000003 253.75776
57 198.35008000000002 153.8856 191.21535999999998 196.68768
57 198.35008000000002 153.8856 191.21535999999998 196.68768
# techspark_color_image1400.jpg
82 180.51296000000002 193.63056 190.50176 278.21664
82 180.51296000000002 193.63056 190.50176 278.21664
# techspark_color_image2700.jpg
82 159.82175999999998 1.0190399999999897 249.008 280.25472
57 431.66112000000004 41.78327999999999 64.92736 75.41424
57 431.66112000000004 41.78327999999999 64.92736 75.41424
# techspark_color_image2800.jpg
57 437.36927999999995 51.9744 201.20384 249.6816
57 380.29024000000004 46.87896000000001 85.61856 127.38864
57 380.29024000000004 46.87896000000001 85.61856 127.38864
# techspark_color_image2900.jpg
57 244.01312000000007 100.89191999999997 368.16063999999994 374.01264000000003
57 244.01312000000007 100.89191999999997 368.16063999999994 374.01264000000003
# techspark_color_image300.jpg
81 150.54592 14.267279999999971 282.54208 314.90448000000004
81 150.54592 14.267279999999971 282.54208 314.90448000000004
# techspark_color_image3000.jpg
82 64.92736 284.33088 161.96224 190.57344
57 44.23616000000001 131.46504 229.74336 236.43312
57 0.0 179.36304 177.65888 294.52224
57 528.69568 271.08264 108.45056 205.86
57 528.69568 271.08264 108.45056 205.86
# techspark_color_image3100.jpg
57 254.00256000000002 75.41400000000002 138.41664 188.53488
57 1.4268800000000113 116.17823999999999 136.99007999999998 178.344
82 124.8608 145.73232 64.21376000000001 97.83456
82 52.08512000000001 171.21024 84.90496 112.10208
82 465.19488 118.21656 81.33760000000001 105.98736
82 430.23424 107.00616 70.63552 84.58608
57 399.55391999999995 55.031760000000006 238.30528 165.09552
57 399.55391999999995 55.031760000000006 238.30528 165.09552
# techspark_color_image3300.jpg
57 2.1404800000000037 127.38839999999999 80.624 281.27376000000004
57 440.22304 89.68152 197.63648 193.63056
57 382.43039999999996 72.35688000000002 136.99007999999998 117.19727999999999
57 361.02592000000004 63.184560000000005 146.97856 89.68176
57 361.02592000000004 63.184560000000005 146.97856 89.68176
# techspark_color_image3400.jpg
57 0.0 168.15311999999997 187.64800000000002 310.82784
57 0.0 168.15311999999997 187.64800000000002 310.82784
# techspark_color_image3500.jpg
57 0.7132799999999975 202.80264 276.83392000000003 274.14
57 0.7132799999999975 202.80264 276.83392000000003 274.14
# techspark_color_image3900.jpg
57 461.62752 116.17847999999998 174.09152 238.4712
57 461.62752 116.17847999999998 174.09152 238.4712
# techspark_color_image4000.jpg
82 0.0 191.59223999999995 98.46144000000001 172.22928
82 0.0 191.59223999999995 98.46144000000001 172.22928
# techspark_color_image4100.jpg
82 2.853759999999994 199.74552 222.60864 274.14
57 3.56768000000001 186.49656 136.99007999999998 75.41424
57 0.0 147.77064000000001 119.15264 38.72592
57 466.6224 38.72616000000001 109.87712 113.12111999999999
57 466.6224 38.72616000000001 109.87712 113.12111999999999
# techspark_color_image4200.jpg
57 294.67136 84.58584 155.54048 91.71984
57 510.1449600000001 64.20408 128.42816 72.35664
82 448.78496 107.00616 49.230720000000005 63.1848
82 294.67136 94.77696 58.50624 94.77695999999999
82 0.7132799999999975 -0.00024000000001933586 231.88416 343.43952
82 0.7132799999999975 -0.00024000000001933586 231.88416 343.43952
# techspark_color_image4300.jpg
82 291.81696 50.95536 294.67136 76.43328
57 22.831359999999975 86.62415999999999 229.03040000000001 112.10208
82 241.87328000000002 114.14016000000002 60.6464 76.43328
82 21.40480000000001 100.89144000000003 110.59072 134.52239999999998
82 21.40480000000001 100.89144000000003 110.59072 134.52239999999998
# techspark_color_image4400.jpg
82 37.101119999999995 126.36935999999999 150.54656 202.8024
82 348.18272 141.65591999999998 83.4784 108.02544
57 99.17504 96.81528000000003 274.69311999999996 188.53488
57 419.53152000000006 47.897999999999996 219.04128 105.98736
57 419.53152000000006 47.897999999999996 219.04128 105.98736
# techspark_color_image4500.jpg
82 303.94624000000005 233.37599999999998 139.84384 192.61152
57 0.7135999999999854 138.59880000000004 321.07008 336.30575999999996
57 399.55392 81.52871999999999 239.73248 127.38864
57 399.55392 81.52871999999999 239.73248 127.38864
# techspark_color_image5000.jpg
57 176.9456 147.77040000000002 106.30976000000001 119.23584
57 44.94976 152.86608 129.14176 114.14016000000001
57 110.59072 135.5412 92.75392 86.62415999999999
82 2.1404799999999966 151.84728 99.17504 127.38864
81 240.44608 10.191360000000003 98.46144000000001 139.6176
81 343.90207999999996 2.038560000000004 102.0288 153.88512
81 343.90207999999996 2.038560000000004 102.0288 153.88512
# techspark_color_image5100.jpg
81 338.1936 1.0190400000000182 154.11392 166.11455999999998
81 219.04128 1.0190399999999897 117.72543999999999 146.75136
57 104.8832 183.43968 179.79904000000002 199.74528
57 0.0 190.57319999999999 104.8832 195.66863999999998
57 10.702399999999997 152.86608 152.68672 137.57952
57 10.702399999999997 152.86608 152.68672 137.57952
# techspark_color_image5200.jpg
57 37.101759999999985 323.05728 420.24512000000004 154.90464
57 5.708160000000007 218.08944000000002 217.61408 109.04448
57 1.426879999999997 300.63672 97.74784 141.65616
57 1.426879999999997 300.63672 97.74784 141.65616
# techspark_color_image5300.jpg
57 2.1404799999999966 129.42672000000005 171.95072 232.35648
57 1.4271999999999991 90.70080000000002 239.73248 94.77695999999999
57 1.4271999999999991 90.70080000000002 239.73248 94.77695999999999
# techspark_color_image5400.jpg
57 397.41376 85.60536 39.9552 138.59856
57 343.18848 71.33784 60.6464 102.92975999999999
57 343.18848 71.33784 60.6464 102.92975999999999
# techspark_color_image5500.jpg
57 523.70112 82.54776000000001 115.58528000000001 279.23568
57 423.8131199999999 70.31831999999999 105.59616 124.33104
57 395.27328 59.10816 28.53952 59.10816
57 395.27328 59.10816 28.53952 59.10816
# techspark_color_image5600.jpg
57 160.53536000000003 133.50288000000003 473.7568 340.3824
57 6.42143999999999 107.0064 168.38336 206.87904
57 6.42143999999999 107.0064 168.38336 206.87904
# techspark_color_image5700.jpg
82 239.73248 151.84704 227.60320000000002 325.09536
57 313.22175999999996 95.79599999999999 326.06464000000005 356.688
57 2.8537599999999976 175.28640000000004 51.371520000000004 299.61791999999997
82 29.25312000000001 238.47144000000003 72.77568 179.36303999999998
82 29.25312000000001 238.47144000000003 72.77568 179.36303999999998
# techspark_color_image5800.jpg
82 413.1100799999999 247.64352000000002 224.74944 230.3184
82 22.118079999999992 295.54152 140.55744 181.40112
82 22.118079999999992 295.54152 140.55744 181.40112
# techspark_color_image5900.jpg
82 22.118079999999992 295.54152 140.55744 181.40112
# techspark_color_image600.jpg
81 137.70368 1.0190399999999897 341.76128 408.6624
81 137.70368 1.0190399999999897 341.76128 408.6624
# techspark_color_image6000.jpg
81 47.80383999999998 1.0192799999999806 589.34208 473.88528
81 47.80383999999998 1.0192799999999806 589.34208 473.88528
# techspark_color_image6100.jpg
81 460.9139200000001 1.019280000000009 177.65888 443.31216
57 63.50047999999998 139.61784 123.43360000000001 122.29296
57 2.1407999999999987 154.9044 81.33760000000001 291.46511999999996
13 368.16032 -0.000240000000005125 74.91647999999999 212.99376
13 368.16032 -0.000240000000005125 74.91647999999999 212.99376
# techspark_color_image6200.jpg
13 408.82944 1.0190399999999897 84.19200000000001 216.05088
13 512.28544 0.0 126.28736 370.95552
13 30.680000000000007 100.89168 151.25952 146.75136
13 30.680000000000007 100.89168 151.25952 146.75136
# techspark_color_image6300.jpg
13 421.67231999999996 1.0190399999999897 151.97312 353.6304
82 230.45727999999997 79.49064 57.792640000000006 81.52848
82 230.45727999999997 79.49064 57.792640000000006 81.52848
# techspark_color_image6400.jpg
57 0.7139200000000159 180.38232 196.20927999999998 284.33136
82 398.12704 100.89167999999998 57.792640000000006 83.56704
82 385.99808 91.71984 60.6464 80.50944
82 385.99808 91.71984 60.6464 80.50944
# techspark_color_image6500.jpg
82 442.3632 127.38864000000001 73.48928 80.50944
82 428.09344 113.12112000000002 67.06816 80.50944
57 4.280960000000007 211.97423999999998 219.04128 261.91104
57 4.280960000000007 211.97423999999998 219.04128 261.91104
# techspark_color_image6600.jpg
82 168.38336000000004 155.92344 91.32672 115.1592
82 148.40576 146.75160000000002 91.32672 102.92975999999999
82 148.40576 146.75160000000002 91.32672 102.92975999999999
# techspark_color_image6700.jpg
82 263.99104 208.91735999999997 126.28736 165.09552
82 236.16512 197.70695999999998 99.88864 129.42672000000002
82 236.16512 197.70695999999998 99.88864 129.42672000000002
# techspark_color_image6800.jpg
82 32.82048 150.82799999999997 241.87264 318.98112000000003
82 32.82048 150.82799999999997 241.87264 318.98112000000003
# techspark_color_image700.jpg
57 318.92992000000004 68.28 318.92992 392.35679999999996
57 4.994560000000007 57.07031999999998 313.93536 309.8088
82 22.118080000000006 183.43944000000005 152.68672 195.66863999999998
82 189.07456000000002 138.59856 96.32128 126.3696
82 189.07456000000002 138.59856 96.32128 126.3696
# techspark_color_image7100.jpg
81 254.71552000000003 -0.00024000000001933586 383.14368 441.27408
81 254.71552000000003 -0.00024000000001933586 383.14368 441.27408
# techspark_color_image7200.jpg
81 0.0 -0.00023999999999091415 187.64800000000002 272.10192
81 0.0 -0.00023999999999091415 187.64800000000002 272.10192
# techspark_color_image7300.jpg
81 118.43936 0.0 194.06912 199.74528
81 518.7072 1.0190400000000182 105.59616 310.82784
82 2.1404800000000037 158.98104 95.60767999999999 172.22928
82 2.1404800000000037 158.98104 95.60767999999999 172.22928
# techspark_color_image7400.jpg
81 480.89216 0.0 156.96768 396.43296000000004
81 1.426879999999997 0.0 183.36704 216.05088
81 1.426879999999997 0.0 183.36704 216.05088
# techspark_color_image7500.jpg
81 -0.00031999999998788553 -0.00023999999999091415 219.75487999999999 277.19759999999997
81 -0.00031999999998788553 -0.00023999999999091415 219.75487999999999 277.19759999999997
# techspark_color_image7600.jpg
81 193.35551999999996 0.0 326.06464000000005 261.91104
81 193.35551999999996 0.0 326.06464000000005 261.91104
# techspark_color_image7700.jpg
81 0.7136000000000138 2.0380800000000363 316.07552 410.70047999999997
81 0.7136000000000138 2.0380800000000363 316.07552 410.70047999999997
# techspark_color_image7800.jpg
81 463.7679999999999 5.0956800000000015 175.51808 214.0128
81 463.7679999999999 5.0956800000000015 175.51808 214.0128
# techspark_color_image7900.jpg
82 499.44288000000006 126.36936 131.99552 195.66863999999998
82 64.92736000000001 148.78992 63.5008 104.96831999999999
82 64.92736000000001 148.78992 63.5008 104.96831999999999
# techspark_color_image800.jpg
57 328.20511999999997 50.95536 129.85536 147.77088
57 328.20511999999997 50.95536 129.85536 147.77088
# techspark_color_image8000.jpg
82 393.84608 178.34400000000005 150.54656 253.75776
82 338.19392 162.0384 84.90496 135.54144000000002
81 36.38816000000003 -0.00024000000001933586 304.65984 286.36944
81 36.38816000000003 -0.00024000000001933586 304.65984 286.36944
# techspark_color_image8100.jpg
81 163.38912 0.0 358.17152 289.42656
81 163.38912 0.0 358.17152 289.42656
# techspark_color_image8200.jpg
82 150.54656 192.61151999999998 138.41664 239.49024
57 10.70272 196.68792000000002 217.61408 200.76432
82 2.1404800000000037 264.96816 97.74784 126.3696
82 2.1404800000000037 264.96816 97.74784 126.3696
# techspark_color_image8300.jpg
57 12.128959999999992 172.22928000000002 150.54656 246.62400000000002
82 537.97088 132.48408 97.74784 241.5288
82 167.66976000000003 144.71328 49.94432 51.9744
82 167.66976000000003 144.71328 49.94432 51.9744
# techspark_color_image8400.jpg
57 0.0 219.10847999999996 289.6768 258.85344000000003
57 107.73696000000001 151.84703999999996 272.55296 273.12096
57 107.73696000000001 151.84703999999996 272.55296 273.12096
# techspark_color_image8500.jpg
57 0.7132799999999975 214.01256 438.79616 262.93008
57 0.7132799999999975 214.01256 438.79616 262.93008
# techspark_color_image8600.jpg
57 1.4268799999999828 201.78336000000002 557.9488 275.15904
57 1.4268799999999828 201.78336000000002 557.9488 275.15904
# techspark_color_image8700.jpg
82 154.8272 248.66255999999998 74.91647999999999 107.0064
82 204.05824 222.16535999999996 49.94432 82.548
57 1.4271999999999991 252.73872000000006 97.03424 214.0128
57 411.68352000000004 181.40136 122.0064 134.52239999999998
57 411.68352000000004 181.40136 122.0064 134.52239999999998
# techspark_color_image8800.jpg
57 50.657599999999974 193.63055999999997 354.60416000000004 282.2928
57 392.41887999999994 170.19120000000004 212.62016 180.38208
57 400.26752 203.82144 105.59616 271.08288000000005
57 400.26752 203.82144 105.59616 271.08288000000005
# techspark_color_image8900.jpg
82 134.13600000000002 317.96184000000005 121.29344 159.99984
82 200.49056 250.70087999999998 85.61856 124.33104
82 296.09792 135.5412 82.7648 115.1592
57 505.86400000000003 159.99984 133.42272 233.376
13 363.88 0.0 39.2416 246.62400000000002
13 363.88 0.0 39.2416 246.62400000000002
# techspark_color_image900.jpg
57 358.17152 112.10207999999997 279.68768 306.75168
82 177.65856 102.93 42.096000000000004 70.31855999999999
82 50.65759999999999 173.24832000000004 89.18592000000001 144.71328
81 348.18303999999995 1.0187999999999917 148.40576000000001 118.2168
81 348.18303999999995 1.0187999999999917 148.40576000000001 118.2168
# techspark_color_image9000.jpg
81 139.13056 164.07648 128.42816 149.80895999999998
13 234.73824000000002 2.038320000000027 77.05664 300.63696
13 234.73824000000002 2.038320000000027 77.05664 300.63696
# techspark_color_image9100.jpg
13 151.25984 189.55416000000002 196.20927999999998 234.39504
13 319.6432 0.0 97.74784 401.52864
13 319.6432 0.0 97.74784 401.52864
# techspark_color_image9200.jpg
13 54.22528000000001 -0.00023999999999091415 209.05216 476.94288
13 54.22528000000001 -0.00023999999999091415 209.05216 476.94288
# techspark_color_image9300.jpg
81 -0.00031999999998788553 2.038319999999999 162.67584 305.73264
81 248.2944 0.0 87.75936 223.18464
81 248.2944 0.0 87.75936 223.18464
