Normal
2
<class 'tuple'>
<class 'tuple'>
(tensor([[[-35., -35., -34.,  ..., -30., -41., -41.],
         [-35., -35., -34.,  ..., -30., -41., -41.],
         [-36., -36., -33.,  ..., -36., -44., -44.],
         ...,
         [-42., -42., -42.,  ...,  -5.,  -2.,  -2.],
         [-44., -44., -42.,  ...,  -4.,   0.,   0.],
         [-44., -44., -42.,  ...,  -4.,   0.,   0.]],

        [[-46., -46., -47.,  ..., -26., -40., -40.],
         [-46., -46., -47.,  ..., -26., -40., -40.],
         [-50., -50., -49.,  ..., -37., -47., -47.],
         ...,
         [-49., -49., -48.,  ...,   4.,   5.,   5.],
         [-52., -52., -49.,  ...,   2.,   4.,   4.],
         [-52., -52., -49.,  ...,   2.,   4.,   4.]],

        [[-41., -41., -40.,  ...,  -4., -18., -18.],
         [-41., -41., -40.,  ...,  -4., -18., -18.],
         [-44., -44., -43.,  ..., -14., -25., -25.],
         ...,
         [-34., -34., -33.,  ...,  14.,  15.,  15.],
         [-34., -34., -31.,  ...,  14.,  16.,  16.],
         [-34., -34., -31.,  ...,  14.,  16.,  16.]]]), array([[5.        , 0.058905  , 0.48545396, 0.382205  , 0.90212021,
        1.        , 0.        , 1.        , 0.        , 1.        ,
        0.        , 1.        , 0.        , 1.        , 0.        ]]))
(tensor([[[ -57.,  -58.,  -59.,  ...,  -30.,  -28.,  -26.],
         [ -56.,  -57.,  -58.,  ...,  -30.,  -29.,  -28.],
         [ -56.,  -56.,  -56.,  ...,  -31.,  -30.,  -30.],
         ...,
         [ -67.,  -66.,  -65.,  ...,  -70.,  -71.,  -71.],
         [ -67.,  -66.,  -64.,  ...,  -70.,  -70.,  -70.],
         [ -67.,  -66.,  -64.,  ...,  -70.,  -70.,  -70.]],

        [[ -82.,  -83.,  -83.,  ...,  -41.,  -39.,  -38.],
         [ -81.,  -82.,  -82.,  ...,  -42.,  -40.,  -38.],
         [ -80.,  -80.,  -80.,  ...,  -43.,  -41.,  -40.],
         ...,
         [ -98.,  -98.,  -98.,  ...,  -85.,  -84.,  -83.],
         [ -99.,  -99.,  -98.,  ...,  -85.,  -83.,  -82.],
         [-100.,  -99.,  -98.,  ...,  -85.,  -83.,  -82.]],

        [[ -20.,  -21.,  -23.,  ...,  -50.,  -49.,  -48.],
         [ -20.,  -20.,  -22.,  ...,  -50.,  -49.,  -48.],
         [ -19.,  -19.,  -19.,  ...,  -50.,  -49.,  -49.],
         ...,
         [-110., -109., -109.,  ...,  -93.,  -94.,  -95.],
         [-110., -109., -108.,  ...,  -94.,  -94.,  -94.],
         [-110., -109., -108.,  ...,  -95.,  -94.,  -93.]]]), array([[5.00000000e+00, 4.74442667e-01, 3.16348000e-01, 9.48616000e-01,
        9.93630000e-01, 0.00000000e+00, 2.08333333e-03, 0.00000000e+00,
        2.08333333e-03, 0.00000000e+00, 2.08333333e-03, 0.00000000e+00,
        2.08333333e-03, 0.00000000e+00, 2.08333333e-03],
       [6.00000000e+00, 6.27545333e-01, 1.99575000e-01, 1.00000000e+00,
        9.42675000e-01, 0.00000000e+00, 2.08333333e-03, 0.00000000e+00,
        2.08333333e-03, 0.00000000e+00, 2.08333333e-03, 0.00000000e+00,
        2.08333333e-03, 0.00000000e+00, 2.08333333e-03],
       [6.00000000e+00, 0.00000000e+00, 3.65180000e-01, 8.79693333e-02,
        9.89384000e-01, 0.00000000e+00, 2.08333333e-03, 0.00000000e+00,
        2.08333333e-03, 0.00000000e+00, 2.08333333e-03, 0.00000000e+00,
        2.08333333e-03, 0.00000000e+00, 2.08333333e-03],
       [5.00000000e+00, 3.59440000e-02, 4.96815500e-01, 1.87560000e-01,
        8.70488500e-01, 0.00000000e+00, 2.08333333e-03, 0.00000000e+00,
        2.08333333e-03, 0.00000000e+00, 2.08333333e-03, 0.00000000e+00,
        2.08333333e-03, 0.00000000e+00, 2.08333333e-03]]))
--------------------------------
Normal
2
<class 'tuple'>
<class 'numpy.ndarray'>
(tensor([[[ -7.,  -7.,  -8.,  ..., -49., -47., -47.],
         [ -7.,  -7.,  -8.,  ..., -49., -47., -47.],
         [ -5.,  -5.,  -9.,  ..., -51., -53., -53.],
         ...,
         [ 52.,  52.,  53.,  ...,  14.,  11.,  11.],
         [ 53.,  53.,  54.,  ...,  13.,  12.,  12.],
         [ 53.,  53.,  54.,  ...,  13.,  12.,  12.]],

        [[ 16.,  16.,  13.,  ..., -84., -81., -81.],
         [ 16.,  16.,  13.,  ..., -84., -81., -81.],
         [ 19.,  19.,  15.,  ..., -83., -85., -85.],
         ...,
         [ 45.,  45.,  46.,  ...,  13.,   9.,   9.],
         [ 46.,  46.,  47.,  ...,  12.,  10.,  10.],
         [ 46.,  46.,  47.,  ...,  12.,  10.,  10.]],

        [[-66., -66., -68.,  ...,  -8.,  -8.,  -8.],
         [-66., -66., -68.,  ...,  -8.,  -8.,  -8.],
         [-65., -65., -70.,  ...,  -9., -12., -12.],
         ...,
         [ 26.,  26.,  27.,  ...,  -7.,  -9.,  -9.],
         [ 25.,  25.,  27.,  ...,  -9.,  -8.,  -8.],
         [ 25.,  25.,  27.,  ...,  -9.,  -8.,  -8.]]]), array([[6.00000000e+00, 4.71800833e-01, 9.40158333e-02, 1.00000000e+00,
        8.92848333e-01, 0.00000000e+00, 0.00000000e+00, 0.00000000e+00,
        0.00000000e+00, 0.00000000e+00, 0.00000000e+00, 0.00000000e+00,
        0.00000000e+00, 0.00000000e+00, 0.00000000e+00],
       [5.00000000e+00, 1.71500000e-03, 7.01302083e-02, 1.11340000e-01,
        2.53251458e-01, 0.00000000e+00, 0.00000000e+00, 0.00000000e+00,
        0.00000000e+00, 0.00000000e+00, 0.00000000e+00, 0.00000000e+00,
        0.00000000e+00, 0.00000000e+00, 0.00000000e+00]]))
[]
--------------------------------
Normal
2
<class 'tuple'>
<class 'numpy.ndarray'>
(tensor([[[-38., -39., -40.,  ..., 126., 126., 125.],
         [-38., -39., -40.,  ..., 126., 126., 126.],
         [-38., -38., -40.,  ..., 126., 126., 126.],
         ...,
         [-58., -58., -57.,  ..., -16., -15., -15.],
         [-59., -59., -58.,  ..., -15., -15., -15.],
         [-59., -59., -58.,  ..., -15., -15., -14.]],

        [[-29., -30., -31.,  ...,  63.,  64.,  64.],
         [-29., -30., -31.,  ...,  64.,  64.,  64.],
         [-29., -30., -31.,  ...,  64.,  64.,  64.],
         ...,
         [-68., -68., -67.,  ..., -43., -42., -42.],
         [-69., -68., -68.,  ..., -43., -41., -41.],
         [-69., -69., -68.,  ..., -43., -41., -41.]],

        [[-41., -42., -43.,  ..., -18., -17., -17.],
         [-41., -42., -43.,  ..., -17., -17., -17.],
         [-41., -42., -43.,  ..., -17., -17., -17.],
         ...,
         [-79., -79., -78.,  ..., -63., -63., -63.],
         [-80., -79., -79.,  ..., -63., -63., -63.],
         [-80., -80., -80.,  ..., -63., -63., -63.]]]), array([[6.        , 0.        , 0.39177852, 0.66602667, 0.91076963,
        0.        , 0.        , 0.        , 0.        , 0.        ,
        0.        , 0.        , 0.        , 0.        , 0.        ],
       [5.        , 0.6197837 , 0.51916741, 0.90055407, 0.87302519,
        0.        , 0.        , 0.        , 0.        , 0.        ,
        0.        , 0.        , 0.        , 0.        , 0.        ]]))
[]
--------------------------------
Normal
2
<class 'tuple'>
<class 'tuple'>
(tensor([[[ -84.,  -78.,  -61.,  ...,   47.,   46.,   46.],
         [ -85.,  -80.,  -62.,  ...,   47.,   46.,   46.],
         [ -90.,  -83.,  -64.,  ...,   47.,   47.,   47.],
         ...,
         [ -49.,  -49.,  -51.,  ...,  -59.,  -59.,  -59.],
         [ -50.,  -51.,  -50.,  ...,  -57.,  -59.,  -60.],
         [ -51.,  -51.,  -50.,  ...,  -57.,  -59.,  -60.]],

        [[ -97.,  -90.,  -71.,  ...,   48.,   47.,   47.],
         [ -99.,  -92.,  -72.,  ...,   48.,   47.,   47.],
         [-104.,  -96.,  -74.,  ...,   49.,   48.,   48.],
         ...,
         [ -65.,  -65.,  -67.,  ...,  -70.,  -70.,  -70.],
         [ -67.,  -67.,  -68.,  ...,  -68.,  -71.,  -71.],
         [ -68.,  -68.,  -68.,  ...,  -68.,  -71.,  -72.]],

        [[ -72.,  -70.,  -66.,  ...,   33.,   34.,   34.],
         [ -73.,  -72.,  -66.,  ...,   33.,   34.,   34.],
         [ -78.,  -75.,  -67.,  ...,   34.,   34.,   34.],
         ...,
         [ -75.,  -75.,  -77.,  ...,  -78.,  -78.,  -78.],
         [ -76.,  -76.,  -75.,  ...,  -78.,  -79.,  -79.],
         [ -76.,  -76.,  -75.,  ...,  -78.,  -79.,  -80.]]]), array([[5.00000000e+00, 8.18200000e-03, 4.07643500e-01, 6.26539333e-01,
        9.93630500e-01, 1.00000000e+00, 2.08333333e-03, 1.00000000e+00,
        2.08333333e-03, 1.00000000e+00, 2.08333333e-03, 1.00000000e+00,
        2.08333333e-03, 1.00000000e+00, 2.08333333e-03],
       [6.00000000e+00, 0.00000000e+00, 2.80255000e-01, 2.87632000e-01,
        7.89809000e-01, 1.00000000e+00, 2.08333333e-03, 1.00000000e+00,
        2.08333333e-03, 1.00000000e+00, 2.08333333e-03, 1.00000000e+00,
        2.08333333e-03, 1.00000000e+00, 2.08333333e-03],
       [5.00000000e+00, 7.95994000e-01, 5.37155500e-01, 1.00000000e+00,
        9.10828500e-01, 1.00000000e+00, 2.08333333e-03, 1.00000000e+00,
        2.08333333e-03, 1.00000000e+00, 2.08333333e-03, 1.00000000e+00,
        2.08333333e-03, 1.00000000e+00, 2.08333333e-03],
       [6.00000000e+00, 1.91014000e-01, 2.03822000e-01, 5.35867333e-01,
        4.71338000e-01, 1.00000000e+00, 2.08333333e-03, 1.00000000e+00,
        2.08333333e-03, 1.00000000e+00, 2.08333333e-03, 1.00000000e+00,
        2.08333333e-03, 1.00000000e+00, 2.08333333e-03]]))Normal
2
<class 'numpy.ndarray'>
<class 'tuple'>
[]
(tensor([[[129., 126., 126.,  ..., -44., -44., -44.],
         [135., 128., 125.,  ..., -51., -51., -48.],
         [137., 130., 125.,  ..., -61., -58., -55.],
         ...,
         [  0.,   0.,   0.,  ...,   0.,   0.,   0.],
         [  0.,   0.,   0.,  ...,   0.,   0.,   0.],
         [  0.,   0.,   0.,  ...,   0.,   0.,   0.]],

        [[138., 138., 138.,  ..., -33., -33., -32.],
         [138., 138., 138.,  ..., -43., -40., -38.],
         [138., 138., 138.,  ..., -57., -53., -50.],
         ...,
         [  0.,   0.,   0.,  ...,   0.,   0.,   0.],
         [  0.,   0.,   0.,  ...,   0.,   0.,   0.],
         [  0.,   0.,   0.,  ...,   0.,   0.,   0.]],

        [[-85., -67., -49.,  ..., -54., -54., -54.],
         [-85., -66., -48.,  ..., -63., -60., -58.],
         [-84., -64., -47.,  ..., -76., -71., -68.],
         ...,
         [  0.,   0.,   0.,  ...,   0.,   0.,   0.],
         [  0.,   0.,   0.,  ...,   0.,   0.,   0.],
         [  0.,   0.,   0.,  ...,   0.,   0.,   0.]]]), array([[6.00000000e+00, 6.68900000e-03, 1.81528875e-01, 2.78707000e-01,
        5.54140125e-01, 9.98437500e-01, 1.56250000e-03, 9.98437500e-01,
        1.56250000e-03, 9.98437500e-01, 1.56250000e-03, 9.98437500e-01,
        1.56250000e-03, 9.98437500e-01, 1.56250000e-03]]))
--------------------------------
Normal
2
<class 'tuple'>
<class 'tuple'>
(tensor([[[ 79.,  79.,  79.,  ..., -60., -60., -60.],
         [ 79.,  79.,  79.,  ..., -60., -60., -60.],
         [ 79.,  79.,  79.,  ..., -60., -60., -60.],
         ...,
         [-49., -49., -49.,  ..., -15., -18., -18.],
         [-54., -54., -54.,  ..., -19., -18., -18.],
         [-54., -54., -54.,  ..., -19., -18., -18.]],

        [[104., 104., 104.,  ..., -65., -65., -65.],
         [104., 104., 104.,  ..., -65., -65., -65.],
         [104., 104., 104.,  ..., -65., -65., -65.],
         ...,
         [-51., -51., -51.,  ..., -29., -32., -32.],
         [-56., -56., -56.,  ..., -33., -32., -32.],
         [-56., -56., -56.,  ..., -33., -32., -32.]],

        [[132., 132., 132.,  ..., -19., -19., -19.],
         [132., 132., 132.,  ..., -19., -19., -19.],
         [132., 132., 132.,  ..., -19., -19., -19.],
         ...,
         [-48., -48., -48.,  ..., -53., -56., -56.],
         [-52., -52., -52.,  ..., -58., -56., -56.],
         [-52., -52., -52.,  ..., -58., -56., -56.]]]), array([[5.        , 0.47285667, 0.01963861, 0.76271222, 0.39472694,
        0.        , 0.        , 0.        , 0.        , 0.        ,
        0.        , 0.        , 0.        , 0.        , 0.        ],
       [6.        , 0.        , 0.        , 0.56204222, 0.51857694,
        0.        , 0.        , 0.        , 0.        , 0.        ,
        0.        , 0.        , 0.        , 0.        , 0.        ]]))
(tensor([[[ -58.,  -58.,  -57.,  ...,  -39.,  -36.,  -34.],
         [ -59.,  -58.,  -57.,  ...,  -36.,  -34.,  -32.],
         [ -60.,  -59.,  -57.,  ...,  -32.,  -31.,  -30.],
         ...,
         [  -3.,   -2.,    0.,  ...,   -3.,   -2.,   -2.],
         [  -4.,   -3.,   -1.,  ...,   -2.,   -2.,   -2.],
         [  -5.,   -4.,   -2.,  ...,   -2.,   -1.,   -1.]],

        [[ -34.,  -34.,  -34.,  ...,  -11.,   -8.,   -7.],
         [ -35.,  -35.,  -34.,  ...,   -9.,   -7.,   -5.],
         [ -37.,  -36.,  -34.,  ...,   -5.,   -4.,   -2.],
         ...,
         [ -10.,  -10.,   -9.,  ...,   -7.,   -8.,   -9.],
         [ -11.,  -11.,  -10.,  ...,   -7.,   -8.,   -8.],
         [ -12.,  -12.,  -11.,  ...,   -6.,   -7.,   -8.]],

        [[-101., -101., -100.,  ...,  -89.,  -85.,  -83.],
         [-102., -101., -100.,  ...,  -86.,  -83.,  -82.],
         [-103., -102., -100.,  ...,  -82.,  -80.,  -79.],
         ...,
         [ -26.,  -26.,  -24.,  ...,  -29.,  -28.,  -28.],
         [ -27.,  -27.,  -26.,  ...,  -28.,  -28.,  -28.],
         [ -28.,  -28.,  -27.,  ...,  -28.,  -27.,  -27.]]]), array([[5.00000000e+00, 2.90220000e-01, 2.63270000e-01, 5.01293333e-01,
        5.60510000e-01, 0.00000000e+00, 2.08333333e-03, 0.00000000e+00,
        2.08333333e-03, 0.00000000e+00, 2.08333333e-03, 0.00000000e+00,
        2.08333333e-03, 0.00000000e+00, 2.08333333e-03],
       [6.00000000e+00, 4.34713333e-02, 2.61146000e-01, 7.15340667e-01,
        5.13800000e-01, 0.00000000e+00, 2.08333333e-03, 0.00000000e+00,
        2.08333333e-03, 0.00000000e+00, 2.08333333e-03, 0.00000000e+00,
        2.08333333e-03, 0.00000000e+00, 2.08333333e-03]]))
--------------------------------
Normal
2
<class 'tuple'>
<class 'numpy.ndarray'>
(tensor([[[ 50.,  50.,  50.,  ...,  63.,  63.,  63.],
         [ 50.,  50.,  50.,  ...,  63.,  63.,  63.],
         [ 50.,  50.,  50.,  ...,  63.,  63.,  63.],
         ...,
         [ -2.,  -2.,  -2.,  ...,  30.,  27.,  27.],
         [ -6.,  -6.,  -6.,  ...,  29.,  29.,  29.],
         [ -6.,  -6.,  -6.,  ...,  29.,  29.,  29.]],

        [[ 39.,  39.,  39.,  ...,  70.,  70.,  70.],
         [ 39.,  39.,  39.,  ...,  70.,  70.,  70.],
         [ 39.,  39.,  39.,  ...,  70.,  70.,  70.],
         ...,
         [-14., -14., -14.,  ...,  33.,  32.,  32.],
         [-17., -17., -17.,  ...,  38.,  37.,  37.],
         [-17., -17., -17.,  ...,  38.,  37.,  37.]],

        [[ 12.,  12.,  12.,  ..., -87., -87., -87.],
         [ 12.,  12.,  12.,  ..., -87., -87., -87.],
         [ 12.,  12.,  12.,  ..., -87., -87., -87.],
         ...,
         [-47., -47., -47.,  ...,  30.,  28.,  28.],
         [-49., -49., -49.,  ...,  32.,  31.,  31.],
         [-49., -49., -49.,  ...,  32.,  31.,  31.]]]), array([[ 5.        ,  0.2243125 ,  0.76292146,  0.54018083,  1.        ,
         0.        ,  0.        ,  0.        ,  0.        ,  0.        ,
         0.        ,  0.        ,  0.        ,  0.        ,  0.        ],
       [ 5.        ,  0.39711083,  0.58776271,  0.62007583,  0.91154146,
         0.        ,  0.        ,  0.        ,  0.        ,  0.        ,
         0.        ,  0.        ,  0.        ,  0.        ,  0.        ],
       [ 7.        ,  0.64608833,  0.28786771,  0.86162167,  0.58776146,
         0.        ,  0.        ,  0.        ,  0.        ,  0.        ,
         0.        ,  0.        ,  0.        ,  0.        ,  0.        ],
       [10.        ,  0.82260417,  0.        ,  0.92479583,  0.57714583,
         0.        ,  0.        ,  0.        ,  0.        ,  0.        ,
         0.        ,  0.        ,  0.        ,  0.        ,  0.        ]]))
[]
--------------------------------
Normal
2
<class 'tuple'>
<class 'tuple'>
(tensor([[[ 39.,  38.,  37.,  ..., -39., -40., -40.],
         [ 39.,  38.,  37.,  ..., -38., -38., -38.],
         [ 38.,  38.,  37.,  ..., -34., -33., -32.],
         ...,
         [ -5.,  -5.,  -5.,  ..., -32., -29., -28.],
         [ -5.,  -5.,  -4.,  ..., -34., -31., -29.],
         [ -4.,  -4.,  -4.,  ..., -35., -32., -30.]],

        [[ 33.,  33.,  32.,  ..., -51., -53., -54.],
         [ 33.,  33.,  32.,  ..., -50., -52., -53.],
         [ 32.,  32.,  32.,  ..., -49., -49., -49.],
         ...,
         [ -6.,  -6.,  -6.,  ..., -35., -33., -32.],
         [ -6.,  -6.,  -6.,  ..., -38., -35., -34.],
         [ -6.,  -6.,  -5.,  ..., -38., -36., -35.]],

        [[ 18.,  18.,  17.,  ..., -52., -56., -58.],
         [ 18.,  17.,  17.,  ..., -52., -57., -58.],
         [ 17.,  17.,  17.,  ..., -54., -57., -59.],
         ...,
         [-24., -24., -24.,  ..., -50., -48., -47.],
         [-24., -24., -24.,  ..., -52., -50., -49.],
         [-24., -24., -23.,  ..., -53., -51., -50.]]]), array([[ 7.        ,  0.45190333,  0.27748479,  0.962865  ,  0.88788854,
         1.        ,  0.        ,  1.        ,  0.        ,  1.        ,
         0.        ,  1.        ,  0.        ,  1.        ,  0.        ],
       [10.        ,  0.269815  ,  0.        ,  0.52436667,  0.82950167,
         1.        ,  0.        ,  1.        ,  0.        ,  1.        ,
         0.        ,  1.        ,  0.        ,  1.        ,  0.        ]]))
(tensor([[[ 45.,  46.,  47.,  ..., 131., 131., 131.],
         [ 47.,  48.,  48.,  ..., 126., 125., 125.],
         [ 51.,  51.,  50.,  ..., 118., 117., 116.],
         ...,
         [ 21.,  21.,  20.,  ..., -11., -11., -11.],
         [ 22.,  21.,  21.,  ..., -11., -10., -10.],
         [ 22.,  21.,  21.,  ..., -10.,  -9.,  -9.]],

        [[ 48.,  47.,  45.,  ..., 118., 118., 118.],
         [ 49.,  48.,  46.,  ..., 115., 115., 115.],
         [ 52.,  50.,  48.,  ..., 111., 110., 110.],
         ...,
         [ 18.,  18.,  17.,  ..., -11., -11., -11.],
         [ 18.,  18.,  18.,  ..., -11., -11., -10.],
         [ 19.,  19.,  18.,  ..., -11., -10., -10.]],

        [[ 14.,  14.,  14.,  ..., 112., 112., 112.],
         [ 15.,  15.,  15.,  ..., 100., 100., 100.],
         [ 18.,  17.,  16.,  ...,  82.,  82.,  81.],
         ...,
         [  1.,   1.,   1.,  ..., -30., -30., -30.],
         [  2.,   1.,   1.,  ..., -30., -30., -30.],
         [  2.,   1.,   1.,  ..., -30., -30., -30.]]]), array([[6.00000000e+00, 7.29842667e-01, 3.58811000e-01, 1.00000000e+00,
        8.72611000e-01, 1.00000000e+00, 2.08333333e-03, 1.00000000e+00,
        2.08333333e-03, 1.00000000e+00, 2.08333333e-03, 1.00000000e+00,
        2.08333333e-03, 1.00000000e+00, 2.08333333e-03],
       [5.00000000e+00, 6.15387333e-01, 3.01486000e-01, 7.19438000e-01,
        4.09766000e-01, 1.00000000e+00, 2.08333333e-03, 1.00000000e+00,
        2.08333333e-03, 1.00000000e+00, 2.08333333e-03, 1.00000000e+00,
        2.08333333e-03, 1.00000000e+00, 2.08333333e-03]]))Normal
2
<class 'tuple'>
<class 'tuple'>
(tensor([[[-25., -21., -21.,  ..., -10., -11., -13.],
         [-26., -23., -23.,  ...,  -8.,  -9., -10.],
         [-25., -23., -24.,  ...,  -7.,  -8.,  -8.],
         ...,
         [  0.,   0.,   0.,  ...,   0.,   0.,   0.],
         [  0.,   0.,   0.,  ...,   0.,   0.,   0.],
         [  0.,   0.,   0.,  ...,   0.,   0.,   0.]],

        [[-31., -28., -27.,  ..., -11., -13., -13.],
         [-32., -30., -29.,  ..., -10., -10., -11.],
         [-32., -31., -31.,  ...,  -9., -10., -10.],
         ...,
         [  0.,   0.,   0.,  ...,   0.,   0.,   0.],
         [  0.,   0.,   0.,  ...,   0.,   0.,   0.],
         [  0.,   0.,   0.,  ...,   0.,   0.,   0.]],

        [[-49., -46., -45.,  ..., -44., -47., -49.],
         [-50., -47., -46.,  ..., -41., -44., -46.],
         [-49., -48., -47.,  ..., -40., -43., -44.],
         ...,
         [  0.,   0.,   0.,  ...,   0.,   0.,   0.],
         [  0.,   0.,   0.,  ...,   0.,   0.,   0.],
         [  0.,   0.,   0.,  ...,   0.,   0.,   0.]]]), array([[ 1.00000000e+01,  8.47270000e-02, -3.75000000e-07,
         4.11371000e-01,  7.45222875e-01,  1.56250000e-03,
         1.56250000e-03,  1.56250000e-03,  1.56250000e-03,
         1.56250000e-03,  1.56250000e-03,  1.56250000e-03,
         1.56250000e-03,  1.56250000e-03,  1.56250000e-03]]))
(tensor([[[-24., -24., -25.,  ..., -78., -78., -78.],
         [-24., -24., -25.,  ..., -78., -78., -78.],
         [-24., -24., -25.,  ..., -78., -78., -78.],
         ...,
         [ 62.,  62.,  62.,  ...,  37.,  37.,  37.],
         [ 62.,  62.,  62.,  ...,  37.,  37.,  37.],
         [ 62.,  62.,  62.,  ...,  37.,  37.,  37.]],

        [[ 19.,  19.,  18.,  ..., -70., -70., -70.],
         [ 19.,  19.,  18.,  ..., -70., -70., -70.],
         [ 19.,  19.,  18.,  ..., -70., -70., -70.],
         ...,
         [ 57.,  57.,  57.,  ...,  27.,  27.,  27.],
         [ 57.,  57.,  57.,  ...,  27.,  27.,  27.],
         [ 57.,  57.,  57.,  ...,  27.,  27.,  27.]],

        [[-67., -67., -68.,  ..., -93., -93., -93.],
         [-67., -67., -68.,  ..., -93., -93., -93.],
         [-66., -66., -67.,  ..., -93., -94., -94.],
         ...,
         [ 55.,  55.,  55.,  ...,  27.,  27.,  27.],
         [ 55.,  55.,  55.,  ...,  27.,  27.,  27.],
         [ 55.,  55.,  55.,  ...,  27.,  27.,  27.]]]), array([[6.        , 0.47987889, 0.09012278, 0.93076556, 0.60321611,
        0.        , 0.        , 0.        , 0.        , 0.        ,
        0.        , 0.        , 0.        , 0.        , 0.        ]]))
--------------------------------
Normal
2
<class 'numpy.ndarray'>
<class 'tuple'>
[]
(tensor([[[-73., -73., -66.,  ...,  98., 119., 119.],
         [-73., -73., -66.,  ...,  98., 119., 119.],
         [-65., -65., -59.,  ...,  97., 120., 120.],
         ...,
         [-16., -16., -12.,  ...,  -9.,  -6.,  -6.],
         [-12., -12., -11.,  ..., -10.,  -9.,  -9.],
         [-12., -12., -11.,  ..., -10.,  -9.,  -9.]],

        [[-74., -74., -69.,  ...,  82., 102., 102.],
         [-74., -74., -69.,  ...,  82., 102., 102.],
         [-76., -76., -68.,  ...,  82., 103., 103.],
         ...,
         [-17., -17., -14.,  ..., -12., -12., -12.],
         [-13., -13., -12.,  ..., -10., -12., -12.],
         [-13., -13., -12.,  ..., -10., -12., -12.]],

        [[  1.,   1.,   6.,  ...,  68.,  77.,  77.],
         [  1.,   1.,   6.,  ...,  68.,  77.,  77.],
         [ 17.,  17.,  29.,  ...,  67.,  78.,  78.],
         ...,
         [  0.,   0.,   4.,  ...,   0.,   2.,   2.],
         [  4.,   4.,   6.,  ...,   1.,   0.,   0.],
         [  4.,   4.,   6.,  ...,   1.,   0.,   0.]]]), array([[6.00000000e+00, 3.35416667e-03, 9.56735417e-02, 2.24460833e-01,
        3.21257292e-01, 1.00000000e+00, 0.00000000e+00, 1.00000000e+00,
        0.00000000e+00, 1.00000000e+00, 0.00000000e+00, 1.00000000e+00,
        0.00000000e+00, 1.00000000e+00, 0.00000000e+00],
       [6.00000000e+00, 1.37131667e-01, 4.79035417e-02, 4.53000000e-01,
        2.31024792e-01, 1.00000000e+00, 0.00000000e+00, 1.00000000e+00,
        0.00000000e+00, 1.00000000e+00, 0.00000000e+00, 1.00000000e+00,
        0.00000000e+00, 1.00000000e+00, 0.00000000e+00]]))
--------------------------------
Normal
2
<class 'tuple'>
<class 'tuple'>
(tensor([[[-55., -53., -50.,  ...,  47.,  46.,  45.],
         [-52., -51., -50.,  ...,  47.,  46.,  45.],
         [-47., -48., -51.,  ...,  47.,  46.,  45.],
         ...,
         [-17., -19., -22.,  ..., -26., -25., -24.],
         [-20., -21., -23.,  ..., -25., -24., -24.],
         [-22., -23., -24.,  ..., -24., -24., -24.]],

        [[-58., -56., -52.,  ...,  60.,  60.,  60.],
         [-55., -54., -52.,  ...,  60.,  60.,  60.],
         [-50., -51., -53.,  ...,  60.,  60.,  60.],
         ...,
         [-20., -22., -24.,  ..., -37., -36., -35.],
         [-23., -24., -26.,  ..., -36., -36., -36.],
         [-24., -25., -27.,  ..., -35., -36., -36.]],

        [[-49., -46., -42.,  ...,  29.,  29.,  29.],
         [-46., -44., -42.,  ...,  29.,  29.,  29.],
         [-40., -41., -43.,  ...,  29.,  29.,  29.],
         ...,
         [ 10.,   8.,   6.,  ..., -10.,  -8.,  -7.],
         [  7.,   6.,   4.,  ...,  -8.,  -8.,  -8.],
         [  6.,   5.,   3.,  ...,  -7.,  -8.,  -9.]]]), array([[5.00000000e+00, 1.48666667e-03, 3.18471500e-01, 2.19993333e-01,
        6.36942500e-01, 2.08333333e-03, 2.08333333e-03, 2.08333333e-03,
        2.08333333e-03, 2.08333333e-03, 2.08333333e-03, 2.08333333e-03,
        2.08333333e-03, 2.08333333e-03, 2.08333333e-03]]))
(tensor([[[ 36.,  36.,  36.,  ..., -67., -67., -67.],
         [ 36.,  36.,  36.,  ..., -67., -67., -67.],
         [ 36.,  36.,  36.,  ..., -67., -67., -67.],
         ...,
         [ 19.,  19.,  19.,  ...,   5.,   5.,   5.],
         [ 19.,  19.,  19.,  ...,   5.,   5.,   5.],
         [ 19.,  19.,  19.,  ...,   5.,   5.,   5.]],

        [[ 28.,  28.,  28.,  ..., -80., -80., -80.],
         [ 28.,  28.,  28.,  ..., -80., -80., -80.],
         [ 28.,  28.,  28.,  ..., -80., -80., -80.],
         ...,
         [ 14.,  14.,  14.,  ...,  -5.,  -5.,  -5.],
         [ 14.,  14.,  14.,  ...,  -5.,  -5.,  -5.],
         [ 14.,  14.,  14.,  ...,  -5.,  -5.,  -5.]],

        [[  9.,   9.,   9.,  ..., -46., -46., -46.],
         [  9.,   9.,   9.,  ..., -46., -46., -46.],
         [  9.,   9.,   9.,  ..., -46., -46., -46.],
         ...,
         [ 26.,  26.,  26.,  ...,  12.,  12.,  12.],
         [ 26.,  26.,  26.,  ...,  12.,  12.,  12.],
         [ 26.,  26.,  26.,  ...,  12.,  12.,  12.]]]), array([[5.        , 0.51447704, 0.33746148, 0.78203556, 0.72434593,
        0.        , 0.        , 0.        , 0.        , 0.        ,
        0.        , 0.        , 0.        , 0.        , 0.        ],
       [5.        , 0.45832444, 0.29499926, 0.73909481, 0.66772815,
        0.        , 0.        , 0.        , 0.        , 0.        ,
        0.        , 0.        , 0.        , 0.        , 0.        ]]))
--------------------------------
Normal
2
<class 'tuple'>
<class 'tuple'>
(tensor([[[-66., -58., -44.,  ...,   1.,   2.,   3.],
         [-68., -60., -46.,  ...,   2.,   3.,   3.],
         [-69., -62., -48.,  ...,   3.,   3.,   3.],
         ...,
         [-39., -38., -36.,  ..., -69., -69., -69.],
         [-39., -37., -35.,  ..., -68., -69., -69.],
         [-38., -37., -35.,  ..., -68., -69., -69.]],

        [[-91., -82., -66.,  ..., -15., -15., -15.],
         [-93., -84., -68.,  ..., -15., -15., -15.],
         [-95., -86., -70.,  ..., -15., -14., -14.],
         ...,
         [-48., -47., -45.,  ..., -78., -78., -78.],
         [-48., -46., -45.,  ..., -76., -76., -77.],
         [-47., -46., -44.,  ..., -75., -75., -76.]],

        [[-93., -84., -68.,  ..., -45., -44., -44.],
         [-95., -87., -71.,  ..., -45., -44., -44.],
         [-97., -89., -75.,  ..., -45., -45., -45.],
         ...,
         [-48., -47., -46.,  ..., -92., -91., -91.],
         [-48., -47., -46.,  ..., -90., -90., -90.],
         [-47., -46., -45.,  ..., -89., -89., -90.]]]), array([[6.00000000e+00, 6.37310000e-01, 2.69639000e-01, 9.95540667e-01,
        7.53715000e-01, 9.97916667e-01, 2.08333333e-03, 9.97916667e-01,
        2.08333333e-03, 9.97916667e-01, 2.08333333e-03, 9.97916667e-01,
        2.08333333e-03, 9.97916667e-01, 2.08333333e-03],
       [6.00000000e+00, 4.97584000e-01, 1.88960000e-01, 9.97026667e-01,
        3.86412000e-01, 9.97916667e-01, 2.08333333e-03, 9.97916667e-01,
        2.08333333e-03, 9.97916667e-01, 2.08333333e-03, 9.97916667e-01,
        2.08333333e-03, 9.97916667e-01, 2.08333333e-03]]))Normal
2
<class 'numpy.ndarray'>
<class 'tuple'>
[]
(tensor([[[151., 151., 151.,  ...,  69.,  73.,  72.],
         [151., 151., 151.,  ...,  69.,  70.,  69.],
         [151., 151., 151.,  ...,  71.,  69.,  67.],
         ...,
         [  0.,   0.,   0.,  ...,   0.,   0.,   0.],
         [  0.,   0.,   0.,  ...,   0.,   0.,   0.],
         [  0.,   0.,   0.,  ...,   0.,   0.,   0.]],

        [[138., 138., 138.,  ...,  84.,  90.,  91.],
         [138., 138., 138.,  ...,  87.,  90.,  89.],
         [138., 138., 138.,  ...,  90.,  90.,  87.],
         ...,
         [  0.,   0.,   0.,  ...,   0.,   0.,   0.],
         [  0.,   0.,   0.,  ...,   0.,   0.,   0.],
         [  0.,   0.,   0.,  ...,   0.,   0.,   0.]],

        [[132., 132., 132.,  ...,  84.,  88.,  89.],
         [132., 132., 132.,  ...,  86.,  87.,  87.],
         [132., 132., 132.,  ...,  89.,  87.,  85.],
         ...,
         [  0.,   0.,   0.,  ...,   0.,   0.,   0.],
         [  0.,   0.,   0.,  ...,   0.,   0.,   0.],
         [  0.,   0.,   0.,  ...,   0.,   0.,   0.]]]), array([[ 1.00000000e+00, -5.00000000e-07, -3.75000000e-07,
         3.43366500e-01,  4.33120875e-01,  1.56250000e-03,
         1.56250000e-03,  1.56250000e-03,  1.56250000e-03,
         1.56250000e-03,  1.56250000e-03,  1.56250000e-03,
         1.56250000e-03,  1.56250000e-03,  1.56250000e-03]]))
--------------------------------
Normal
2
<class 'tuple'>
<class 'tuple'>
(tensor([[[ 17.,  17.,  16.,  ...,  38.,  34.,  30.],
         [ 16.,  16.,  17.,  ...,  38.,  31.,  25.],
         [ 15.,  16.,  18.,  ...,  38.,  27.,  19.],
         ...,
         [-47., -46., -45.,  ..., -55., -54., -54.],
         [-43., -43., -43.,  ..., -58., -57., -57.],
         [-40., -41., -41.,  ..., -60., -60., -61.]],

        [[ 16.,  16.,  15.,  ...,  27.,  22.,  19.],
         [ 15.,  16.,  15.,  ...,  27.,  19.,  14.],
         [ 14.,  15.,  16.,  ...,  27.,  16.,   8.],
         ...,
         [-56., -55., -54.,  ..., -66., -65., -64.],
         [-52., -52., -52.,  ..., -68., -68., -67.],
         [-49., -49., -50.,  ..., -69., -70., -71.]],

        [[ 12.,  12.,  11.,  ...,  -5.,  -8., -10.],
         [ 11.,  11.,  11.,  ...,  -6., -11., -14.],
         [ 10.,  11.,  12.,  ...,  -6., -14., -20.],
         ...,
         [-63., -62., -61.,  ..., -72., -70., -70.],
         [-59., -59., -59.,  ..., -75., -75., -75.],
         [-56., -57., -57.,  ..., -78., -79., -79.]]]), array([[1.00000000e+00, 4.17070000e-01, 2.12300000e-03, 7.38140667e-01,
        3.48195000e-01, 0.00000000e+00, 2.08333333e-03, 0.00000000e+00,
        2.08333333e-03, 0.00000000e+00, 2.08333333e-03, 0.00000000e+00,
        2.08333333e-03, 0.00000000e+00, 2.08333333e-03],
       [1.00000000e+00, 1.68836000e-01, 2.12300000e-03, 4.14097333e-01,
        3.07855000e-01, 0.00000000e+00, 2.08333333e-03, 0.00000000e+00,
        2.08333333e-03, 0.00000000e+00, 2.08333333e-03, 0.00000000e+00,
        2.08333333e-03, 0.00000000e+00, 2.08333333e-03],
       [6.00000000e+00, 0.00000000e+00, 3.82166000e-01, 3.05588000e-01,
        7.98302000e-01, 0.00000000e+00, 2.08333333e-03, 0.00000000e+00,
        2.08333333e-03, 0.00000000e+00, 2.08333333e-03, 0.00000000e+00,
        2.08333333e-03, 0.00000000e+00, 2.08333333e-03]]))
(tensor([[[ 73.,  72.,  70.,  ..., 141., 138., 136.],
         [ 72.,  71.,  70.,  ..., 142., 139., 137.],
         [ 70.,  70.,  69.,  ..., 144., 140., 138.],
         ...,
         [ 24.,  22.,  19.,  ...,  40.,  39.,  38.],
         [ 22.,  21.,  20.,  ...,  39.,  39.,  38.],
         [ 21.,  21.,  21.,  ...,  39.,  39.,  39.]],

        [[ 72.,  71.,  69.,  ..., 132., 128., 126.],
         [ 71.,  70.,  69.,  ..., 133., 129., 126.],
         [ 69.,  69.,  68.,  ..., 135., 129., 126.],
         ...,
         [ 20.,  18.,  15.,  ...,  34.,  33.,  32.],
         [ 18.,  17.,  16.,  ...,  33.,  33.,  32.],
         [ 17.,  17.,  17.,  ...,  33.,  33.,  33.]],

        [[-56., -56., -57.,  ..., 108., 106., 104.],
         [-55., -56., -57.,  ..., 109., 105., 103.],
         [-54., -55., -58.,  ..., 111., 105., 101.],
         ...,
         [ -2.,  -4.,  -6.,  ...,  17.,  16.,  15.],
         [ -3.,  -3.,  -4.,  ...,  16.,  16.,  16.],
         [ -3.,  -3.,  -3.,  ...,  16.,  16.,  16.]]]), array([[5.00000000e+00, 6.47993333e-01, 4.01274000e-01, 9.36361333e-01,
        9.00212000e-01, 1.00000000e+00, 2.08333333e-03, 1.00000000e+00,
        2.08333333e-03, 1.00000000e+00, 2.08333333e-03, 1.00000000e+00,
        2.08333333e-03, 1.00000000e+00, 2.08333333e-03]]))
--------------------------------
Normal
2
<class 'tuple'>
<class 'tuple'>
(tensor([[[-104., -104., -104.,  ..., -104., -104., -104.],
         [-104., -104., -104.,  ..., -104., -104., -104.],
         [-104., -104., -104.,  ..., -102., -102., -103.],
         ...,
         [ -42.,  -42.,  -42.,  ...,   16.,   16.,   19.],
         [ -42.,  -42.,  -42.,  ...,   16.,   16.,   19.],
         [ -40.,  -40.,  -42.,  ...,   16.,   16.,   17.]],

        [[-117., -117., -117.,  ..., -116., -116., -117.],
         [-117., -117., -117.,  ..., -116., -116., -117.],
         [-117., -117., -117.,  ..., -114., -114., -114.],
         ...,
         [ -46.,  -46.,  -44.,  ...,  -16.,  -16.,  -16.],
         [ -46.,  -46.,  -44.,  ...,  -16.,  -16.,  -16.],
         [ -45.,  -45.,  -45.,  ...,  -16.,  -16.,  -17.]],

        [[-123., -123., -123.,  ..., -123., -123., -123.],
         [-123., -123., -123.,  ..., -123., -123., -123.],
         [-123., -123., -123.,  ..., -121., -121., -123.],
         ...,
         [ -51.,  -51.,  -53.,  ...,  -35.,  -35.,  -36.],
         [ -51.,  -51.,  -53.,  ...,  -35.,  -35.,  -36.],
         [ -53.,  -53.,  -53.,  ...,  -35.,  -35.,  -39.]]]), array([[1.        , 0.00237533, 0.        , 0.32939133, 0.825902  ,
        1.        , 0.00208333, 1.        , 0.00208333, 1.        ,
        0.00208333, 1.        , 0.00208333, 1.        , 0.00208333]]))
(tensor([[[  4.,   6.,   6.,  ..., -66., -66., -67.],
         [  5.,   5.,   4.,  ..., -68., -69., -70.],
         [  5.,   4.,   4.,  ..., -72., -73., -74.],
         ...,
         [  0.,   0.,   0.,  ...,   0.,   0.,   0.],
         [  0.,   0.,   0.,  ...,   0.,   0.,   0.],
         [  0.,   0.,   0.,  ...,   0.,   0.,   0.]],

        [[ -7.,  -6.,  -6.,  ..., -67., -67., -67.],
         [ -4.,  -5.,  -6.,  ..., -68., -69., -71.],
         [ -2.,  -3.,  -3.,  ..., -71., -72., -74.],
         ...,
         [  0.,   0.,   0.,  ...,   0.,   0.,   0.],
         [  0.,   0.,   0.,  ...,   0.,   0.,   0.],
         [  0.,   0.,   0.,  ...,   0.,   0.,   0.]],

        [[-27., -26., -26.,  ..., -54., -54., -54.],
         [-26., -27., -28.,  ..., -54., -54., -55.],
         [-27., -27., -28.,  ..., -56., -56., -57.],
         ...,
         [  0.,   0.,   0.,  ...,   0.,   0.,   0.],
         [  0.,   0.,   0.,  ...,   0.,   0.,   0.],
         [  0.,   0.,   0.,  ...,   0.,   0.,   0.]]]), array([[6.000000e+00, 1.259755e-01, 3.152865e-01, 9.977705e-01,
        7.452225e-01, 9.984375e-01, 1.562500e-03, 9.984375e-01,
        1.562500e-03, 9.984375e-01, 1.562500e-03, 9.984375e-01,
        1.562500e-03, 9.984375e-01, 1.562500e-03]]))
--------------------------------
Normal
2
<class 'tuple'>
<class 'tuple'>
(tensor([[[  59.,   59.,   59.,  ...,  -76.,  -76.,  -76.],
         [  59.,   59.,   59.,  ...,  -76.,  -76.,  -76.],
         [  58.,   58.,   59.,  ...,  -76.,  -76.,  -76.],
         ...,
         [ -11.,  -11.,  -11.,  ...,  -38.,  -38.,  -38.],
         [ -11.,  -11.,  -11.,  ...,  -38.,  -38.,  -38.],
         [ -11.,  -11.,  -11.,  ...,  -38.,  -38.,  -38.]],

        [[  44.,   44.,   44.,  ...,  -38.,  -38.,  -38.],
         [  44.,   44.,   44.,  ...,  -38.,  -38.,  -38.],
         [  44.,   44.,   44.,  ...,  -38.,  -38.,  -38.],
         ...,
         [ -11.,  -11.,  -11.,  ...,  -36.,  -36.,  -36.],
         [ -11.,  -11.,  -11.,  ...,  -36.,  -36.,  -36.],
         [ -11.,  -11.,  -11.,  ...,  -36.,  -36.,  -36.]],

        [[  34.,   34.,   33.,  ..., -110., -110., -110.],
         [  34.,   34.,   33.,  ..., -110., -110., -110.],
         [  35.,   35.,   34.,  ..., -110., -110., -110.],
         ...,
         [   1.,    1.,    1.,  ...,  -32.,  -32.,  -32.],
         [   1.,    1.,    1.,  ...,  -32.,  -32.,  -32.],
         [   1.,    1.,    1.,  ...,  -32.,  -32.,  -32.]]]), array([[5.        , 0.31761333, 0.34999444, 0.70408741, 0.85954778,
        1.        , 0.        , 1.        , 0.        , 1.        ,
        0.        , 1.        , 0.        , 1.        , 0.        ]]))
(tensor([[[-44., -43., -40.,  ..., 106., 106., 106.],
         [-40., -39., -37.,  ..., 106., 107., 107.],
         [-34., -34., -34.,  ..., 106., 108., 109.],
         ...,
         [ -9., -10., -12.,  ...,  -1.,  -2.,  -2.],
         [-16., -15., -14.,  ...,  -3.,  -2.,  -2.],
         [-22., -19., -15.,  ...,  -3.,  -2.,  -2.]],

        [[-37., -36., -33.,  ..., 137., 137., 137.],
         [-34., -33., -31.,  ..., 137., 137., 137.],
         [-29., -29., -29.,  ..., 137., 137., 137.],
         ...,
         [-18., -20., -23.,  ...,  -5.,  -5.,  -5.],
         [-26., -26., -26.,  ...,  -6.,  -5.,  -5.],
         [-32., -29., -27.,  ...,  -7.,  -6.,  -5.]],

        [[-49., -48., -47.,  ...,  79.,  78.,  78.],
         [-45., -46., -47.,  ...,  79.,  79.,  79.],
         [-39., -42., -45.,  ...,  79.,  80.,  80.],
         ...,
         [  2.,   1.,  -2.,  ..., -33., -35., -36.],
         [ -6.,  -5.,  -3.,  ..., -34., -36., -36.],
         [-12.,  -8.,  -4.,  ..., -35., -36., -36.]]]), array([[6.00000000e+00, 3.94410000e-01, 1.44374000e-01, 1.00000000e+00,
        5.94480000e-01, 0.00000000e+00, 2.08333333e-03, 0.00000000e+00,
        2.08333333e-03, 0.00000000e+00, 2.08333333e-03, 0.00000000e+00,
        2.08333333e-03, 0.00000000e+00, 2.08333333e-03],
       [6.00000000e+00, 1.01582000e-01, 2.01698000e-01, 3.64680667e-01,
        4.98938000e-01, 0.00000000e+00, 2.08333333e-03, 0.00000000e+00,
        2.08333333e-03, 0.00000000e+00, 2.08333333e-03, 0.00000000e+00,
        2.08333333e-03, 0.00000000e+00, 2.08333333e-03],
       [6.00000000e+00, 0.00000000e+00, 2.29299500e-01, 1.00096000e-01,
        4.20382500e-01, 0.00000000e+00, 2.08333333e-03, 0.00000000e+00,
        2.08333333e-03, 0.00000000e+00, 2.08333333e-03, 0.00000000e+00,
        2.08333333e-03, 0.00000000e+00, 2.08333333e-03]]))
--------------------------------
Normal
2
<class 'tuple'>
<class 'tuple'>
(tensor([[[  5.,   5.,   5.,  ..., -44., -43., -43.],
         [  5.,   5.,   6.,  ..., -43., -43., -43.],
         [  6.,   6.,   7.,  ..., -43., -42., -42.],
         ...,
         [-48., -48., -48.,  ..., -28., -28., -28.],
         [-48., -48., -48.,  ..., -27., -27., -26.],
         [-48., -48., -48.,  ..., -26., -26., -26.]],

        [[ -4.,  -4.,  -3.,  ..., -55., -54., -54.],
         [ -4.,  -4.,  -3.,  ..., -54., -54., -54.],
         [ -4.,  -3.,  -2.,  ..., -53., -53., -53.],
         ...,
         [-58., -58., -58.,  ..., -38., -38., -38.],
         [-58., -58., -58.,  ..., -37., -37., -37.],
         [-58., -58., -58.,  ..., -37., -37., -37.]],

        [[-20., -20., -20.,  ..., -72., -72., -72.],
         [-20., -20., -20.,  ..., -71., -72., -72.],
         [-20., -20., -18.,  ..., -70., -71., -71.],
         ...,
         [-65., -65., -65.,  ..., -49., -49., -49.],
         [-65., -65., -65.,  ..., -47., -48., -48.],
         [-65., -65., -65.,  ..., -47., -47., -47.]]]), array([[1.        , 0.54796667, 0.        , 1.        , 0.65827292,
        0.        , 0.        , 0.        , 0.        , 0.        ,
        0.        , 0.        , 0.        , 0.        , 0.        ],
       [6.        , 0.04257833, 0.39553542, 0.540535  , 0.90774292,
        0.        , 0.        , 0.        , 0.        , 0.        ,
        0.        , 0.        , 0.        , 0.        , 0.        ]]))
(tensor([[[-38., -35., -32.,  ..., -38., -37., -37.],
         [-36., -34., -32.,  ..., -40., -38., -36.],
         [-32., -32., -32.,  ..., -42., -38., -35.],
         ...,
         [-21., -21., -22.,  ..., -23., -23., -23.],
         [-22., -23., -23.,  ..., -22., -22., -22.],
         [-23., -23., -23.,  ..., -22., -22., -22.]],

        [[-45., -42., -37.,  ..., -49., -48., -47.],
         [-43., -40., -37.,  ..., -49., -48., -46.],
         [-40., -38., -37.,  ..., -49., -47., -46.],
         ...,
         [-28., -28., -29.,  ..., -32., -32., -32.],
         [-29., -30., -30.,  ..., -31., -31., -31.],
         [-30., -31., -31.,  ..., -31., -31., -31.]],

        [[-65., -62., -58.,  ..., -57., -56., -55.],
         [-63., -61., -58.,  ..., -58., -56., -54.],
         [-60., -59., -59.,  ..., -60., -56., -54.],
         ...,
         [-40., -40., -41.,  ..., -43., -43., -43.],
         [-40., -41., -41.,  ..., -43., -42., -42.],
         [-41., -41., -41.,  ..., -42., -42., -42.]]]), array([[1.        , 0.192804  , 0.0297235 , 0.78143333, 0.6857745 ,
        0.        , 0.00208333, 0.        , 0.00208333, 0.        ,
        0.00208333, 0.        , 0.00208333, 0.        , 0.00208333]]))
--------------------------------
Normal
2
<class 'tuple'>
<class 'tuple'>
(tensor([[[-45., -44., -42.,  ..., -27., -26., -26.],
         [-46., -46., -43.,  ..., -29., -28., -27.],
         [-50., -49., -47.,  ..., -37., -32., -31.],
         ...,
         [-77., -79., -85.,  ..., -30.,  -2.,   7.],
         [-73., -76., -86.,  ..., -36., -10.,   0.],
         [-72., -75., -86.,  ..., -38., -12.,  -3.]],

        [[-47., -46., -43.,  ..., -31., -31., -31.],
         [-48., -47., -44.,  ..., -33., -32., -31.],
         [-50., -49., -48.,  ..., -38., -34., -33.],
         ...,
         [-34., -32., -28.,  ..., -37.,  -9.,   0.],
         [-26., -26., -26.,  ..., -42., -16.,  -7.],
         [-23., -23., -25.,  ..., -44., -18., -10.]],

        [[-63., -62., -58.,  ..., -64., -62., -61.],
         [-63., -62., -59.,  ..., -66., -63., -61.],
         [-64., -64., -63.,  ..., -71., -65., -63.],
         ...,
         [  4.,   8.,  20.,  ..., -48., -20., -11.],
         [ 15.,  18.,  25.,  ..., -54., -28., -18.],
         [ 19.,  21.,  26.,  ..., -56., -30., -21.]]]), array([[7.00000000e+00, 3.76314667e-01, 1.78344500e-01, 4.59554667e-01,
        4.67091500e-01, 1.00000000e+00, 2.08333333e-03, 1.00000000e+00,
        2.08333333e-03, 1.00000000e+00, 2.08333333e-03, 1.00000000e+00,
        2.08333333e-03, 1.00000000e+00, 2.08333333e-03],
       [7.00000000e+00, 4.46177333e-01, 1.48620500e-01, 5.72524000e-01,
        3.63057500e-01, 1.00000000e+00, 2.08333333e-03, 1.00000000e+00,
        2.08333333e-03, 1.00000000e+00, 2.08333333e-03, 1.00000000e+00,
        2.08333333e-03, 1.00000000e+00, 2.08333333e-03]]))
(tensor([[[ -1.,  -1.,  -1.,  ...,  70.,  70.,  70.],
         [ -1.,  -1.,  -1.,  ...,  70.,  70.,  70.],
         [ -1.,  -1.,  -1.,  ...,  70.,  70.,  70.],
         ...,
         [  2.,   2.,   2.,  ...,  -5.,  -5.,  -5.],
         [  2.,   2.,   2.,  ...,  -5.,  -5.,  -5.],
         [  2.,   2.,   2.,  ...,  -5.,  -5.,  -5.]],

        [[  4.,   4.,   4.,  ...,  66.,  66.,  66.],
         [  4.,   4.,   4.,  ...,  66.,  66.,  66.],
         [  4.,   4.,   4.,  ...,  66.,  66.,  66.],
         ...,
         [ -4.,  -4.,  -4.,  ...,  -8.,  -8.,  -8.],
         [ -4.,  -4.,  -4.,  ...,  -8.,  -8.,  -8.],
         [ -4.,  -4.,  -4.,  ...,  -8.,  -8.,  -8.]],

        [[ -8.,  -8.,  -8.,  ...,  55.,  55.,  55.],
         [ -8.,  -8.,  -8.,  ...,  55.,  55.,  55.],
         [ -8.,  -8.,  -8.,  ...,  55.,  55.,  55.],
         ...,
         [ -9.,  -9.,  -9.,  ..., -25., -25., -25.],
         [ -9.,  -9.,  -9.,  ..., -25., -25., -25.],
         [ -9.,  -9.,  -9.,  ..., -25., -25., -25.]]]), array([[7.00000000e+00, 6.58074074e-03, 4.65925926e-03, 7.86133333e-01,
        9.62432593e-01, 0.00000000e+00, 0.00000000e+00, 0.00000000e+00,
        0.00000000e+00, 0.00000000e+00, 0.00000000e+00, 0.00000000e+00,
        0.00000000e+00, 0.00000000e+00, 0.00000000e+00]]))
--------------------------------
Normal
2
<class 'numpy.ndarray'>
<class 'numpy.ndarray'>
[]
[]
--------------------------------
dataloader
img: 0
target: 0
batch: 2 0 0
Normal
2
<class 'tuple'>
<class 'numpy.ndarray'>
(tensor([[[-58., -62., -72.,  ..., -12., -12., -12.],
         [-58., -62., -72.,  ..., -11., -11., -12.],
         [-58., -62., -71.,  ..., -10., -10., -11.],
         ...,
         [-31., -29., -26.,  ...,   2.,   3.,   3.],
         [-31., -28., -25.,  ...,   2.,   2.,   3.],
         [-30., -28., -25.,  ...,   1.,   2.,   2.]],

        [[-61., -67., -77.,  ..., -17., -17., -17.],
         [-61., -67., -77.,  ..., -17., -17., -17.],
         [-61., -66., -77.,  ..., -15., -16., -16.],
         ...,
         [-37., -35., -32.,  ..., -20., -19., -18.],
         [-36., -34., -31.,  ..., -21., -19., -18.],
         [-35., -33., -31.,  ..., -21., -20., -19.]],

        [[-56., -62., -73.,  ..., -28., -28., -27.],
         [-56., -62., -74.,  ..., -26., -26., -26.],
         [-56., -63., -76.,  ..., -24., -25., -25.],
         ...,
         [-45., -41., -37.,  ..., -45., -43., -43.],
         [-44., -40., -37.,  ..., -46., -44., -43.],
         [-42., -39., -36.,  ..., -47., -45., -44.]]]), array([[1.        , 0.20537467, 0.        , 0.884676  , 0.545648  ,
        1.        , 0.00208333, 1.        , 0.00208333, 1.        ,
        0.00208333, 1.        , 0.00208333, 1.        , 0.00208333]]))
--------------------------------
Normal
2
<class 'tuple'>
<class 'tuple'>
(tensor([[[ -53.,  -53.,  -53.,  ...,   12.,   13.,   13.],
         [ -53.,  -53.,  -53.,  ...,   11.,   11.,   11.],
         [ -53.,  -53.,  -53.,  ...,    3.,    3.,    4.],
         ...,
         [  24.,   24.,   24.,  ...,  -86.,  -85.,  -85.],
         [  24.,   24.,   24.,  ...,  -86.,  -86.,  -86.],
         [  24.,   24.,   24.,  ...,  -86.,  -86.,  -86.]],

        [[ -69.,  -69.,  -70.,  ...,   19.,   20.,   20.],
         [ -70.,  -70.,  -70.,  ...,   17.,   18.,   18.],
         [ -70.,  -70.,  -71.,  ...,    8.,    9.,    9.],
         ...,
         [  20.,   20.,   20.,  ...,  -98.,  -97.,  -97.],
         [  20.,   20.,   20.,  ...,  -98.,  -98.,  -98.],
         [  20.,   20.,   20.,  ...,  -98.,  -98.,  -98.]],

        [[ -80.,  -80.,  -81.,  ...,   22.,   23.,   24.],
         [ -80.,  -81.,  -81.,  ...,   20.,   21.,   21.],
         [ -81.,  -81.,  -82.,  ...,   11.,   12.,   12.],
         ...,
         [  35.,   35.,   35.,  ..., -114., -113., -113.],
         [  35.,   35.,   35.,  ..., -114., -114., -114.],
         [  35.,   35.,   35.,  ..., -114., -114., -114.]]]), array([[5.        , 0.68619704, 0.18306111, 0.98678667, 0.77282333,
        0.99537037, 0.        , 0.99537037, 0.        , 0.99537037,
        0.        , 0.99537037, 0.        , 0.99537037, 0.        ]]))
(tensor([[[ 77.,  79.,  80.,  ..., -70., -71., -70.],
         [ 75.,  76.,  77.,  ..., -67., -68., -69.],
         [ 74.,  75.,  75.,  ..., -65., -66., -66.],
         ...,
         [  0.,   0.,   0.,  ...,   0.,   0.,   0.],
         [  0.,   0.,   0.,  ...,   0.,   0.,   0.],
         [  0.,   0.,   0.,  ...,   0.,   0.,   0.]],

        [[ 75.,  76.,  75.,  ..., -27., -29., -28.],
         [ 72.,  73.,  72.,  ..., -26., -28., -29.],
         [ 70.,  69.,  68.,  ..., -26., -28., -28.],
         ...,
         [  0.,   0.,   0.,  ...,   0.,   0.,   0.],
         [  0.,   0.,   0.,  ...,   0.,   0.,   0.],
         [  0.,   0.,   0.,  ...,   0.,   0.,   0.]],

        [[ 22.,  25.,  26.,  ...,  48.,  47.,  48.],
         [ 22.,  24.,  25.,  ...,  48.,  47.,  46.],
         [ 23.,  24.,  25.,  ...,  46.,  44.,  44.],
         ...,
         [  0.,   0.,   0.,  ...,   0.,   0.,   0.],
         [  0.,   0.,   0.,  ...,   0.,   0.,   0.],
         [  0.,   0.,   0.,  ...,   0.,   0.,   0.]]]), array([[ 1.00000000e+00,  3.34500000e-03, -3.75000000e-07,
         6.02007000e-01,  6.89490375e-01,  9.98437500e-01,
         1.56250000e-03,  9.98437500e-01,  1.56250000e-03,
         9.98437500e-01,  1.56250000e-03,  9.98437500e-01,
         1.56250000e-03,  9.98437500e-01,  1.56250000e-03]]))
--------------------------------
Normal
2
<class 'tuple'>
<class 'tuple'>
(tensor([[[ -41.,  -41.,  -41.,  ...,   42.,   41.,   41.],
         [ -41.,  -41.,  -39.,  ...,   42.,   42.,   42.],
         [ -42.,  -40.,  -37.,  ...,   41.,   43.,   44.],
         ...,
         [  32.,   32.,   32.,  ...,   64.,   61.,   59.],
         [  29.,   29.,   29.,  ...,   63.,   60.,   59.],
         [  27.,   27.,   27.,  ...,   62.,   60.,   59.]],

        [[   5.,    5.,    5.,  ...,  100.,   98.,   98.],
         [   6.,    6.,    7.,  ...,  100.,  100.,  100.],
         [   8.,    8.,    9.,  ...,  100.,  102.,  103.],
         ...,
         [  34.,   34.,   35.,  ...,   67.,   63.,   61.],
         [  32.,   32.,   32.,  ...,   66.,   63.,   61.],
         [  31.,   31.,   31.,  ...,   65.,   62.,   61.]],

        [[-111., -111., -111.,  ...,  -47.,  -48.,  -48.],
         [-111., -110., -110.,  ...,  -48.,  -48.,  -48.],
         [-109., -109., -108.,  ...,  -49.,  -48.,  -47.],
         ...,
         [  -7.,   -7.,   -7.,  ...,   24.,   23.,   22.],
         [  -9.,   -9.,  -10.,  ...,   23.,   22.,   22.],
         [ -11.,  -11.,  -11.,  ...,   23.,   22.,   22.]]]), array([[1.        , 0.155082  , 0.        , 0.90127267, 0.602972  ,
        1.        , 0.00208333, 1.        , 0.00208333, 1.        ,
        0.00208333, 1.        , 0.00208333, 1.        , 0.00208333]]))
(tensor([[[ -80.,  -79.,  -76.,  ...,   37.,   35.,   34.],
         [ -77.,  -75.,  -73.,  ...,   37.,   35.,   34.],
         [ -71.,  -70.,  -68.,  ...,   38.,   35.,   34.],
         ...,
         [ -29.,  -30.,  -32.,  ...,   31.,   28.,   26.],
         [ -31.,  -31.,  -31.,  ...,   34.,   32.,   30.],
         [ -32.,  -32.,  -31.,  ...,   36.,   34.,   33.]],

        [[-102., -100.,  -97.,  ...,   38.,   36.,   35.],
         [ -99.,  -97.,  -93.,  ...,   38.,   36.,   35.],
         [ -94.,  -92.,  -88.,  ...,   39.,   37.,   35.],
         ...,
         [ -35.,  -36.,  -38.,  ...,   31.,   30.,   29.],
         [ -37.,  -37.,  -37.,  ...,   35.,   33.,   31.],
         [ -38.,  -38.,  -37.,  ...,   37.,   34.,   33.]],

        [[-102.,  -98.,  -90.,  ...,   24.,   22.,   21.],
         [ -98.,  -95.,  -88.,  ...,   24.,   22.,   21.],
         [ -93.,  -89.,  -84.,  ...,   24.,   22.,   21.],
         ...,
         [ -54.,  -55.,  -57.,  ...,   25.,   23.,   21.],
         [ -56.,  -55.,  -54.,  ...,   28.,   26.,   25.],
         [ -57.,  -55.,  -53.,  ...,   31.,   28.,   27.]]]), array([[6.00000000e+00, 3.80466667e-03, 2.10191500e-01, 7.70806000e-01,
        9.89384500e-01, 1.00000000e+00, 2.08333333e-03, 1.00000000e+00,
        2.08333333e-03, 1.00000000e+00, 2.08333333e-03, 1.00000000e+00,
        2.08333333e-03, 1.00000000e+00, 2.08333333e-03]]))
--------------------------------
Normal
2
<class 'tuple'>
<class 'tuple'>
(tensor([[[ -19.,  -19.,  -19.,  ...,   44.,   43.,   43.],
         [ -20.,  -20.,  -20.,  ...,   44.,   44.,   43.],
         [ -22.,  -22.,  -22.,  ...,   45.,   44.,   44.],
         ...,
         [ -99.,  -97.,  -94.,  ...,  -13.,  -13.,  -13.],
         [-100.,  -98.,  -95.,  ...,  -13.,  -13.,  -13.],
         [-100.,  -98.,  -95.,  ...,  -13.,  -13.,  -13.]],

        [[ -47.,  -47.,  -47.,  ...,   50.,   51.,   51.],
         [ -48.,  -48.,  -48.,  ...,   50.,   51.,   51.],
         [ -49.,  -50.,  -50.,  ...,   51.,   51.,   51.],
         ...,
         [-115., -113., -111.,  ...,  -18.,  -17.,  -17.],
         [-115., -114., -112.,  ...,  -18.,  -17.,  -17.],
         [-116., -114., -113.,  ...,  -19.,  -17.,  -17.]],

        [[ -98.,  -99., -100.,  ...,   47.,   47.,   47.],
         [-100., -100., -101.,  ...,   47.,   47.,   47.],
         [-102., -103., -103.,  ...,   47.,   47.,   47.],
         ...,
         [-123., -123., -123.,  ...,  -22.,  -22.,  -22.],
         [-123., -123., -123.,  ...,  -23.,  -22.,  -22.],
         [-123., -123., -123.,  ...,  -23.,  -22.,  -22.]]]), array([[1.        , 0.71899083, 0.010915  , 0.97540083, 0.3745025 ,
        1.        , 0.        , 1.        , 0.        , 1.        ,
        0.        , 1.        , 0.        , 1.        , 0.        ],
       [1.        , 0.44028417, 0.        , 0.70598417, 0.39042625,
        1.        , 0.        , 1.        , 0.        , 1.        ,
        0.        , 1.        , 0.        , 1.        , 0.        ]]))
(tensor([[[-31., -31., -32.,  ..., -41., -45., -45.],
         [-31., -31., -32.,  ..., -41., -45., -45.],
         [-34., -34., -34.,  ..., -43., -43., -43.],
         ...,
         [-26., -26., -26.,  ..., -27., -28., -28.],
         [-26., -26., -25.,  ..., -26., -25., -25.],
         [-26., -26., -25.,  ..., -26., -25., -25.]],

        [[-49., -49., -50.,  ..., -52., -55., -55.],
         [-49., -49., -50.,  ..., -52., -55., -55.],
         [-51., -51., -52.,  ..., -53., -53., -53.],
         ...,
         [-37., -37., -37.,  ..., -29., -31., -31.],
         [-37., -37., -37.,  ..., -28., -30., -30.],
         [-37., -37., -37.,  ..., -28., -30., -30.]],

        [[-65., -65., -66.,  ..., -78., -82., -82.],
         [-65., -65., -66.,  ..., -78., -82., -82.],
         [-67., -67., -67.,  ..., -80., -81., -81.],
         ...,
         [-40., -40., -40.,  ..., -46., -47., -47.],
         [-40., -40., -40.,  ..., -46., -45., -45.],
         [-40., -40., -40.,  ..., -46., -45., -45.]]]), array([[4.00000000e+00, 5.42935833e-01, 7.96187500e-03, 8.08635833e-01,
        5.73248125e-01, 0.00000000e+00, 2.60416667e-03, 0.00000000e+00,
        2.60416667e-03, 0.00000000e+00, 2.60416667e-03, 0.00000000e+00,
        2.60416667e-03, 0.00000000e+00, 2.60416667e-03]]))
(tensor([[[ 16.,  16.,  16.,  ...,  11.,  11.,  11.],
         [ 17.,  17.,  16.,  ...,  11.,  11.,  11.],
         [ 18.,  18.,  18.,  ...,  13.,  12.,  12.],
         ...,
         [ 11.,  11.,  10.,  ..., -15., -12., -11.],
         [ 10.,   9.,   8.,  ..., -13., -12., -11.],
         [  9.,   8.,   7.,  ..., -12., -11., -11.]],

        [[  4.,   4.,   4.,  ...,  10.,  10.,  10.],
         [  5.,   4.,   4.,  ...,  11.,  10.,  10.],
         [  6.,   6.,   6.,  ...,  13.,  11.,  11.],
         ...,
         [  2.,   2.,   1.,  ..., -16., -13., -12.],
         [  1.,   0.,  -1.,  ..., -15., -13., -13.],
         [  0.,  -1.,  -2.,  ..., -14., -13., -13.]],

        [[  1.,   1.,   2.,  ...,   5.,   5.,   5.],
         [  3.,   3.,   3.,  ...,   5.,   5.,   5.],
         [  6.,   6.,   5.,  ...,   6.,   6.,   6.],
         ...,
         [ -1.,  -2.,  -3.,  ..., -21., -18., -17.],
         [ -2.,  -3.,  -4.,  ..., -19., -18., -18.],
         [ -3.,  -4.,  -4.,  ..., -19., -18., -18.]]]), array([[ 7.        ,  0.42302417,  0.39342833,  0.7574725 ,  0.78355583,
         1.        ,  0.        ,  1.        ,  0.        ,  1.        ,
         0.        ,  1.        ,  0.        ,  1.        ,  0.        ],
       [10.        ,  0.30782583,  0.        ,  0.50849417,  0.75436271,
         1.        ,  0.        ,  1.        ,  0.        ,  1.        ,
         0.        ,  1.        ,  0.        ,  1.        ,  0.        ]]))
--------------------------------
Normal
2
<class 'tuple'>
<class 'tuple'>
(tensor([[[-21., -22., -25.,  ..., 105., 107., 108.],
         [-21., -22., -25.,  ..., 106., 108., 109.],
         [-22., -23., -24.,  ..., 108., 110., 110.],
         ...,
         [-61., -61., -61.,  ...,  50.,  52.,  53.],
         [-60., -61., -61.,  ...,  51.,  53.,  54.],
         [-60., -60., -61.,  ...,  51.,  54.,  55.]],

        [[-27., -28., -32.,  ..., 138., 138., 138.],
         [-27., -28., -31.,  ..., 138., 138., 138.],
         [-27., -28., -30.,  ..., 138., 138., 138.],
         ...,
         [-42., -42., -42.,  ...,  75.,  76.,  76.],
         [-41., -42., -42.,  ...,  75.,  76.,  77.],
         [-41., -41., -42.,  ...,  76.,  77.,  77.]],

        [[-10., -11., -15.,  ..., 132., 132., 132.],
         [-10., -11., -14.,  ..., 132., 132., 132.],
         [ -9., -10., -13.,  ..., 132., 132., 132.],
         ...,
         [-48., -48., -48.,  ...,  61.,  62.,  62.],
         [-47., -48., -48.,  ...,  61.,  62.,  63.],
         [-47., -47., -48.,  ...,  62.,  62.,  63.]]]), array([[5.        , 0.32842333, 0.15064396, 0.488215  , 0.41338271,
        1.        , 0.        , 1.        , 0.        , 1.        ,
        0.        , 1.        , 0.        , 1.        , 0.        ],
       [6.        , 0.1351875 , 0.        , 0.76878083, 0.38418958,
        1.        , 0.        , 1.        , 0.        , 1.        ,
        0.        , 1.        , 0.        , 1.        , 0.        ],
       [6.        , 0.7613475 , 0.08694896, 1.        , 0.37622771,
        1.        , 0.        , 1.        , 0.        , 1.        ,
        0.        , 1.        , 0.        , 1.        , 0.        ]]))
(tensor([[[  3.,   3.,   3.,  ..., -62., -59., -59.],
         [  3.,   3.,   3.,  ..., -62., -59., -59.],
         [  3.,   3.,   3.,  ..., -62., -59., -59.],
         ...,
         [-10., -10., -10.,  ...,  -3.,  -4.,  -4.],
         [ -8.,  -8.,  -8.,  ...,  -1.,  -3.,  -3.],
         [ -8.,  -8.,  -8.,  ...,  -1.,  -3.,  -3.]],

        [[ -6.,  -6.,  -6.,  ..., -81., -78., -78.],
         [ -6.,  -6.,  -6.,  ..., -81., -78., -78.],
         [ -6.,  -6.,  -6.,  ..., -81., -78., -78.],
         ...,
         [-21., -21., -21.,  ..., -17., -18., -18.],
         [-20., -20., -20.,  ..., -15., -17., -17.],
         [-20., -20., -20.,  ..., -15., -17., -17.]],

        [[-23., -23., -23.,  ..., -77., -74., -74.],
         [-23., -23., -23.,  ..., -77., -74., -74.],
         [-23., -23., -23.,  ..., -77., -74., -74.],
         ...,
         [-11., -11., -11.,  ...,   2.,   1.,   1.],
         [-10., -10., -10.,  ...,   7.,   5.,   5.],
         [-10., -10., -10.,  ...,   7.,   5.,   5.]]]), array([[5.00000000e+00, 9.71911111e-02, 2.14990833e-01, 5.35688889e-01,
        7.88239167e-01, 0.00000000e+00, 0.00000000e+00, 0.00000000e+00,
        0.00000000e+00, 0.00000000e+00, 0.00000000e+00, 0.00000000e+00,
        0.00000000e+00, 0.00000000e+00, 0.00000000e+00],
       [5.00000000e+00, 5.73333333e-04, 1.76065833e-01, 3.47408889e-01,
        6.25464167e-01, 0.00000000e+00, 0.00000000e+00, 0.00000000e+00,
        0.00000000e+00, 0.00000000e+00, 0.00000000e+00, 0.00000000e+00,
        0.00000000e+00, 0.00000000e+00, 0.00000000e+00]]))
--------------------------------
Normal
2
<class 'tuple'>
<class 'tuple'>
(tensor([[[-73., -74., -74.,  ...,  66.,  26.,   6.],
         [-72., -73., -74.,  ...,  54.,  18.,   0.],
         [-70., -71., -73.,  ...,  29.,   2., -10.],
         ...,
         [-81., -81., -81.,  ...,   5.,   3.,   2.],
         [-82., -82., -82.,  ...,   2.,   0.,  -1.],
         [-82., -82., -82.,  ...,   0.,  -1.,  -2.]],

        [[-74., -75., -77.,  ...,  95.,  61.,  43.],
         [-75., -76., -78.,  ...,  86.,  55.,  40.],
         [-77., -78., -79.,  ...,  66.,  45.,  35.],
         ...,
         [-81., -81., -82.,  ...,  -4.,  -6.,  -7.],
         [-82., -82., -83.,  ...,  -3.,  -5.,  -6.],
         [-82., -82., -83.,  ...,  -3.,  -5.,  -5.]],

        [[-88., -88., -88.,  ..., 107.,  78.,  63.],
         [-87., -88., -88.,  ...,  99.,  73.,  61.],
         [-85., -85., -86.,  ...,  83.,  65.,  57.],
         ...,
         [-84., -85., -85.,  ..., -19., -21., -23.],
         [-85., -86., -86.,  ..., -21., -22., -22.],
         [-86., -87., -87.,  ..., -21., -22., -22.]]]), array([[5.        , 0.73252583, 0.37219646, 0.97035583, 0.67209021,
        1.        , 0.        , 1.        , 0.        , 1.        ,
        0.        , 1.        , 0.        , 1.        , 0.        ],
       [5.        , 0.78455083, 0.34831146, 1.        , 0.61635771,
        1.        , 0.        , 1.        , 0.        , 1.        ,
        0.        , 1.        , 0.        , 1.        , 0.        ]]))
(tensor([[[ -83.,  -80.,  -77.,  ...,  -45.,  -41.,  -38.],
         [ -81.,  -79.,  -77.,  ...,  -36.,  -32.,  -29.],
         [ -79.,  -78.,  -77.,  ...,  -24.,  -19.,  -16.],
         ...,
         [ -69.,  -69.,  -69.,  ...,  -53.,  -54.,  -55.],
         [ -69.,  -69.,  -69.,  ...,  -54.,  -54.,  -55.],
         [ -69.,  -69.,  -69.,  ...,  -54.,  -54.,  -54.]],

        [[ -93.,  -90.,  -87.,  ...,  -52.,  -51.,  -51.],
         [ -91.,  -89.,  -87.,  ...,  -42.,  -40.,  -38.],
         [ -89.,  -88.,  -87.,  ...,  -27.,  -23.,  -20.],
         ...,
         [ -74.,  -74.,  -74.,  ...,  -57.,  -58.,  -59.],
         [ -74.,  -74.,  -74.,  ...,  -58.,  -58.,  -58.],
         [ -74.,  -74.,  -74.,  ...,  -58.,  -58.,  -58.]],

        [[-107., -104., -101.,  ...,  -44.,  -44.,  -43.],
         [-105., -103., -101.,  ...,  -35.,  -33.,  -32.],
         [-103., -102., -101.,  ...,  -22.,  -19.,  -17.],
         ...,
         [ -87.,  -87.,  -87.,  ...,  -46.,  -47.,  -48.],
         [ -87.,  -87.,  -87.,  ...,  -46.,  -46.,  -47.],
         [ -87.,  -87.,  -87.,  ...,  -47.,  -46.,  -46.]]]), array([[6.00000000e+00, 7.63606667e-02, 6.73036000e-01, 9.51871333e-01,
        9.95754000e-01, 1.00000000e+00, 2.08333333e-03, 1.00000000e+00,
        2.08333333e-03, 1.00000000e+00, 2.08333333e-03, 1.00000000e+00,
        2.08333333e-03, 1.00000000e+00, 2.08333333e-03],
       [6.00000000e+00, 5.63912000e-01, 4.54353000e-01, 1.00000000e+00,
        6.81529000e-01, 1.00000000e+00, 2.08333333e-03, 1.00000000e+00,
        2.08333333e-03, 1.00000000e+00, 2.08333333e-03, 1.00000000e+00,
        2.08333333e-03, 1.00000000e+00, 2.08333333e-03],
       [6.00000000e+00, 8.22552667e-01, 6.26326500e-01, 1.00000000e+00,
        9.21443500e-01, 1.00000000e+00, 2.08333333e-03, 1.00000000e+00,
        2.08333333e-03, 1.00000000e+00, 2.08333333e-03, 1.00000000e+00,
        2.08333333e-03, 1.00000000e+00, 2.08333333e-03]]))
--------------------------------
Normal
2
<class 'numpy.ndarray'>
<class 'tuple'>